
# This is the b051021.txt text file.
# A051021: Decimal expansion of Mills's constant, assuming Riemann Hypothesis is true.
# Dated 14 Nov 2012.



    1  1
    2  3
    3  0
    4  6
    5  3
    6  7
    7  7
    8  8
    9  8
   10  3
   11  8
   12  6
   13  3
   14  0
   15  8
   16  0
   17  6
   18  9
   19  0
   20  4
   21  6
   22  8
   23  6
   24  1
   25  4
   26  4
   27  9
   28  2
   29  6
   30  0
   31  2
   32  6
   33  0
   34  5
   35  7
   36  1
   37  2
   38  9
   39  1
   40  6
   41  7
   42  8
   43  4
   44  5
   45  8
   46  5
   47  1
   48  5
   49  6
   50  7
   51  1
   52  3
   53  6
   54  4
   55  4
   56  3
   57  6
   58  8
   59  0
   60  5
   61  3
   62  7
   63  5
   64  9
   65  9
   66  6
   67  6
   68  4
   69  3
   70  4
   71  0
   72  5
   73  3
   74  7
   75  6
   76  6
   77  8
   78  2
   79  6
   80  5
   81  9
   82  8
   83  8
   84  2
   85  1
   86  5
   87  0
   88  1
   89  4
   90  0
   91  3
   92  7
   93  0
   94  1
   95  1
   96  9
   97  7
   98  3
   99  9
  100  5
  101  7
  102  0
  103  7
  104  2
  105  9
  106  6
  107  9
  108  6
  109  0
  110  9
  111  3
  112  8
  113  1
  114  0
  115  3
  116  0
  117  8
  118  6
  119  8
  120  8
  121  2
  122  2
  123  3
  124  8
  125  8
  126  6
  127  1
  128  4
  129  4
  130  7
  131  8
  132  1
  133  6
  134  3
  135  5
  136  3
  137  4
  138  8
  139  6
  140  8
  141  8
  142  7
  143  1
  144  3
  145  3
  146  9
  147  2
  148  2
  149  1
  150  4
  151  6
  152  1
  153  9
  154  4
  155  3
  156  5
  157  3
  158  4
  159  5
  160  7
  161  8
  162  7
  163  1
  164  1
  165  0
  166  0
  167  3
  168  3
  169  1
  170  8
  171  8
  172  1
  173  4
  174  0
  175  5
  176  0
  177  9
  178  3
  179  5
  180  7
  181  5
  182  3
  183  5
  184  5
  185  8
  186  3
  187  1
  188  9
  189  3
  190  2
  191  6
  192  4
  193  8
  194  0
  195  1
  196  7
  197  2
  198  1
  199  3
  200  8
  201  3
  202  2
  203  3
  204  6
  205  1
  206  5
  207  2
  208  2
  209  3
  210  5
  211  9
  212  0
  213  6
  214  2
  215  2
  216  1
  217  8
  218  6
  219  0
  220  1
  221  6
  222  1
  223  0
  224  8
  225  5
  226  6
  227  6
  228  7
  229  9
  230  0
  231  5
  232  7
  233  2
  234  1
  235  5
  236  1
  237  9
  238  7
  239  9
  240  7
  241  6
  242  0
  243  9
  244  5
  245  1
  246  6
  247  1
  248  9
  249  9
  250  2
  251  9
  252  5
  253  2
  254  7
  255  9
  256  7
  257  0
  258  7
  259  9
  260  9
  261  2
  262  5
  263  6
  264  3
  265  1
  266  7
  267  2
  268  1
  269  5
  270  2
  271  7
  272  8
  273  4
  274  1
  275  2
  276  3
  277  7
  278  1
  279  3
  280  0
  281  7
  282  6
  283  5
  284  8
  285  4
  286  9
  287  1
  288  1
  289  2
  290  4
  291  5
  292  6
  293  3
  294  1
  295  7
  296  5
  297  1
  298  8
  299  4
  300  2
  301  6
  302  3
  303  3
  304  1
  305  0
  306  5
  307  6
  308  5
  309  2
  310  1
  311  5
  312  3
  313  5
  314  1
  315  3
  316  1
  317  8
  318  6
  319  6
  320  8
  321  4
  322  1
  323  5
  324  5
  325  0
  326  7
  327  9
  328  0
  329  7
  330  9
  331  3
  332  7
  333  2
  334  3
  335  8
  336  5
  337  9
  338  2
  339  3
  340  3
  341  5
  342  2
  343  2
  344  0
  345  8
  346  4
  347  2
  348  1
  349  8
  350  4
  351  2
  352  0
  353  4
  354  0
  355  5
  356  3
  357  2
  358  0
  359  5
  360  1
  361  7
  362  6
  363  8
  364  9
  365  0
  366  2
  367  6
  368  0
  369  2
  370  5
  371  7
  372  9
  373  3
  374  4
  375  4
  376  3
  377  0
  378  0
  379  8
  380  6
  381  9
  382  5
  383  2
  384  9
  385  0
  386  6
  387  3
  388  6
  389  2
  390  0
  391  5
  392  6
  393  9
  394  8
  395  9
  396  6
  397  8
  398  7
  399  2
  400  6
  401  2
  402  1
  403  2
  404  2
  405  7
  406  4
  407  9
  408  9
  409  7
  410  8
  411  7
  412  6
  413  6
  414  6
  415  4
  416  3
  417  8
  418  5
  419  1
  420  5
  421  7
  422  6
  423  6
  424  1
  425  9
  426  1
  427  4
  428  3
  429  8
  430  7
  431  7
  432  2
  433  8
  434  4
  435  4
  436  9
  437  8
  438  2
  439  0
  440  7
  441  7
  442  5
  443  9
  444  0
  445  5
  446  6
  447  4
  448  8
  449  2
  450  5
  451  5
  452  6
  453  0
  454  9
  455  1
  456  5
  457  0
  458  0
  459  4
  460  1
  461  2
  462  3
  463  7
  464  8
  465  8
  466  5
  467  2
  468  4
  469  7
  470  9
  471  3
  472  6
  473  2
  474  6
  475  0
  476  8
  477  8
  478  0
  479  4
  480  6
  481  6
  482  8
  483  8
  484  1
  485  5
  486  4
  487  0
  488  6
  489  4
  490  3
  491  7
  492  4
  493  4
  494  2
  495  5
  496  3
  497  4
  498  0
  499  1
  500  3
  501  1
  502  0
  503  7
  504  3
  505  6
  506  1
  507  1
  508  4
  509  4
  510  0
  511  9
  512  4
  513  1
  514  3
  515  7
  516  6
  517  5
  518  0
  519  3
  520  6
  521  4
  522  3
  523  7
  524  9
  525  3
  526  0
  527  1
  528  2
  529  6
  530  7
  531  6
  532  7
  533  2
  534  1
  535  1
  536  7
  537  1
  538  3
  539  1
  540  0
  541  3
  542  0
  543  2
  544  6
  545  5
  546  2
  547  2
  548  8
  549  3
  550  8
  551  6
  552  6
  553  1
  554  5
  555  4
  556  6
  557  6
  558  6
  559  8
  560  8
  561  0
  562  4
  563  8
  564  7
  565  4
  566  7
  567  6
  568  0
  569  9
  570  5
  571  1
  572  4
  573  4
  574  1
  575  0
  576  7
  577  9
  578  0
  579  7
  580  5
  581  4
  582  0
  583  6
  584  9
  585  8
  586  4
  587  1
  588  7
  589  2
  590  6
  591  0
  592  3
  593  4
  594  7
  595  3
  596  1
  597  0
  598  7
  599  7
  600  4
  601  6
  602  7
  603  7
  604  5
  605  7
  606  4
  607  0
  608  6
  609  4
  610  0
  611  0
  612  7
  613  8
  614  1
  615  0
  616  9
  617  3
  618  5
  619  0
  620  8
  621  3
  622  4
  623  2
  624  1
  625  4
  626  3
  627  7
  628  4
  629  4
  630  2
  631  6
  632  5
  633  4
  634  2
  635  0
  636  4
  637  0
  638  8
  639  5
  640  3
  641  1
  642  1
  643  1
  644  6
  645  5
  646  4
  647  9
  648  0
  649  4
  650  2
  651  0
  652  9
  653  9
  654  3
  655  0
  656  9
  657  0
  658  8
  659  5
  660  5
  661  7
  662  4
  663  7
  664  0
  665  5
  666  8
  667  3
  668  4
  669  8
  670  7
  671  9
  672  3
  673  7
  674  5
  675  7
  676  7
  677  6
  678  9
  679  5
  680  2
  681  3
  682  3
  683  3
  684  6
  685  3
  686  6
  687  4
  688  8
  689  5
  690  8
  691  3
  692  0
  693  5
  694  4
  695  9
  696  2
  697  9
  698  2
  699  7
  700  3
  701  8
  702  7
  703  2
  704  8
  705  1
  706  4
  707  9
  708  3
  709  4
  710  1
  711  6
  712  7
  713  4
  714  1
  715  2
  716  5
  717  0
  718  2
  719  7
  720  3
  721  2
  722  6
  723  6
  724  9
  725  2
  726  6
  727  8
  728  4
  729  0
  730  4
  731  6
  732  8
  733  1
  734  5
  735  4
  736  0
  737  6
  738  2
  739  6
  740  7
  741  6
  742  3
  743  1
  744  1
  745  3
  746  2
  747  2
  748  3
  749  7
  750  4
  751  8
  752  8
  753  2
  754  3
  755  8
  756  0
  757  0
  758  1
  759  1
  760  8
  761  0
  762  4
  763  1
  764  2
  765  0
  766  6
  767  2
  768  8
  769  6
  770  0
  771  1
  772  3
  773  8
  774  4
  775  1
  776  9
  777  1
  778  4
  779  4
  780  3
  781  8
  782  8
  783  5
  784  7
  785  1
  786  5
  787  1
  788  6
  789  0
  790  9
  791  1
  792  8
  793  9
  794  3
  795  8
  796  8
  797  9
  798  4
  799  4
  800  7
  801  8
  802  9
  803  9
  804  1
  805  2
  806  1
  807  2
  808  5
  809  5
  810  4
  811  3
  812  3
  813  8
  814  4
  815  7
  816  4
  817  9
  818  3
  819  5
  820  9
  821  0
  822  9
  823  2
  824  7
  825  4
  826  4
  827  4
  828  2
  829  2
  830  0
  831  8
  832  2
  833  8
  834  0
  835  2
  836  2
  837  6
  838  0
  839  2
  840  0
  841  3
  842  3
  843  2
  844  3
  845  0
  846  2
  847  7
  848  1
  849  0
  850  6
  851  3
  852  7
  853  5
  854  0
  855  2
  856  2
  857  2
  858  8
  859  8
  860  1
  861  3
  862  1
  863  0
  864  6
  865  4
  866  7
  867  7
  868  8
  869  4
  870  4
  871  4
  872  8
  873  1
  874  7
  875  0
  876  0
  877  3
  878  7
  879  2
  880  3
  881  3
  882  3
  883  6
  884  4
  885  0
  886  6
  887  0
  888  4
  889  2
  890  1
  891  1
  892  8
  893  7
  894  4
  895  2
  896  6
  897  0
  898  8
  899  3
  900  8
  901  3
  902  3
  903  2
  904  8
  905  2
  906  2
  907  1
  908  7
  909  6
  910  9
  911  6
  912  8
  913  7
  914  8
  915  1
  916  2
  917  3
  918  5
  919  3
  920  0
  921  4
  922  9
  923  6
  924  2
  925  3
  926  0
  927  0
  928  8
  929  8
  930  0
  931  2
  932  6
  933  7
  934  2
  935  2
  936  1
  937  1
  938  1
  939  0
  940  4
  941  0
  942  1
  943  6
  944  0
  945  6
  946  5
  947  0
  948  8
  949  8
  950  8
  951  0
  952  9
  953  7
  954  1
  955  8
  956  3
  957  4
  958  7
  959  7
  960  7
  961  8
  962  3
  963  1
  964  4
  965  0
  966  2
  967  2
  968  4
  969  9
  970  0
  971  8
  972  2
  973  1
  974  8
  975  4
  976  4
  977  1
  978  0
  979  6
  980  3
  981  7
  982  7
  983  4
  984  9
  985  4
  986  0
  987  0
  988  0
  989  2
  990  3
  991  2
  992  8
  993  2
  994  4
  995  1
  996  9
  997  2
  998  7
  999  0
 1000  0
 1001  7
 1002  1
 1003  2
 1004  3
 1005  3
 1006  3
 1007  0
 1008  3
 1009  2
 1010  2
 1011  8
 1012  8
 1013  5
 1014  4
 1015  1
 1016  2
 1017  8
 1018  5
 1019  8
 1020  4
 1021  0
 1022  8
 1023  8
 1024  9
 1025  1
 1026  6
 1027  3
 1028  1
 1029  3
 1030  7
 1031  2
 1032  9
 1033  2
 1034  9
 1035  5
 1036  2
 1037  5
 1038  7
 1039  7
 1040  8
 1041  1
 1042  6
 1043  6
 1044  9
 1045  7
 1046  3
 1047  0
 1048  9
 1049  3
 1050  6
 1051  5
 1052  1
 1053  7
 1054  9
 1055  5
 1056  1
 1057  3
 1058  0
 1059  4
 1060  7
 1061  0
 1062  1
 1063  3
 1064  9
 1065  3
 1066  5
 1067  2
 1068  5
 1069  7
 1070  5
 1071  7
 1072  0
 1073  5
 1074  7
 1075  2
 1076  8
 1077  8
 1078  4
 1079  1
 1080  5
 1081  9
 1082  9
 1083  1
 1084  7
 1085  3
 1086  1
 1087  5
 1088  0
 1089  6
 1090  7
 1091  8
 1092  1
 1093  2
 1094  8
 1095  8
 1096  2
 1097  7
 1098  5
 1099  4
 1100  2
 1101  0
 1102  0
 1103  0
 1104  5
 1105  4
 1106  6
 1107  2
 1108  2
 1109  9
 1110  0
 1111  1
 1112  2
 1113  6
 1114  2
 1115  8
 1116  8
 1117  4
 1118  0
 1119  5
 1120  8
 1121  0
 1122  6
 1123  7
 1124  0
 1125  1
 1126  5
 1127  5
 1128  2
 1129  7
 1130  6
 1131  1
 1132  7
 1133  4
 1134  3
 1135  2
 1136  7
 1137  0
 1138  6
 1139  3
 1140  1
 1141  6
 1142  2
 1143  5
 1144  7
 1145  0
 1146  5
 1147  5
 1148  8
 1149  7
 1150  8
 1151  8
 1152  5
 1153  2
 1154  9
 1155  3
 1156  8
 1157  8
 1158  7
 1159  3
 1160  7
 1161  1
 1162  6
 1163  6
 1164  3
 1165  6
 1166  3
 1167  1
 1168  8
 1169  6
 1170  9
 1171  0
 1172  9
 1173  6
 1174  7
 1175  8
 1176  5
 1177  1
 1178  5
 1179  8
 1180  4
 1181  8
 1182  0
 1183  7
 1184  7
 1185  1
 1186  7
 1187  2
 1188  5
 1189  8
 1190  8
 1191  7
 1192  5
 1193  0
 1194  3
 1195  5
 1196  9
 1197  1
 1198  7
 1199  5
 1200  5
 1201  6
 1202  1
 1203  0
 1204  6
 1205  5
 1206  1
 1207  5
 1208  3
 1209  4
 1210  3
 1211  0
 1212  4
 1213  6
 1214  8
 1215  2
 1216  5
 1217  0
 1218  8
 1219  9
 1220  1
 1221  5
 1222  7
 1223  2
 1224  0
 1225  5
 1226  2
 1227  9
 1228  2
 1229  1
 1230  8
 1231  9
 1232  7
 1233  9
 1234  4
 1235  5
 1236  1
 1237  9
 1238  1
 1239  8
 1240  6
 1241  5
 1242  6
 1243  8
 1244  9
 1245  6
 1246  1
 1247  0
 1248  7
 1249  0
 1250  7
 1251  9
 1252  6
 1253  7
 1254  9
 1255  4
 1256  5
 1257  4
 1258  0
 1259  9
 1260  1
 1261  8
 1262  0
 1263  0
 1264  3
 1265  9
 1266  8
 1267  9
 1268  3
 1269  9
 1270  4
 1271  7
 1272  2
 1273  4
 1274  8
 1275  6
 1276  2
 1277  4
 1278  2
 1279  1
 1280  3
 1281  6
 1282  2
 1283  6
 1284  1
 1285  0
 1286  7
 1287  8
 1288  0
 1289  1
 1290  7
 1291  8
 1292  5
 1293  3
 1294  5
 1295  4
 1296  3
 1297  2
 1298  8
 1299  9
 1300  0
 1301  0
 1302  4
 1303  4
 1304  9
 1305  9
 1306  3
 1307  3
 1308  0
 1309  1
 1310  7
 1311  0
 1312  4
 1313  9
 1314  6
 1315  3
 1316  6
 1317  6
 1318  8
 1319  2
 1320  4
 1321  1
 1322  3
 1323  8
 1324  9
 1325  9
 1326  1
 1327  5
 1328  5
 1329  9
 1330  3
 1331  9
 1332  0
 1333  8
 1334  6
 1335  3
 1336  4
 1337  0
 1338  7
 1339  9
 1340  7
 1341  1
 1342  5
 1343  1
 1344  9
 1345  5
 1346  2
 1347  1
 1348  0
 1349  5
 1350  4
 1351  9
 1352  1
 1353  3
 1354  8
 1355  3
 1356  2
 1357  1
 1358  7
 1359  8
 1360  7
 1361  5
 1362  0
 1363  2
 1364  4
 1365  8
 1366  9
 1367  3
 1368  5
 1369  3
 1370  6
 1371  9
 1372  4
 1373  3
 1374  6
 1375  9
 1376  1
 1377  1
 1378  0
 1379  0
 1380  7
 1381  2
 1382  7
 1383  1
 1384  0
 1385  3
 1386  0
 1387  3
 1388  7
 1389  2
 1390  6
 1391  1
 1392  3
 1393  7
 1394  5
 1395  0
 1396  9
 1397  7
 1398  2
 1399  2
 1400  3
 1401  4
 1402  2
 1403  8
 1404  5
 1405  3
 1406  2
 1407  3
 1408  1
 1409  1
 1410  6
 1411  1
 1412  6
 1413  8
 1414  6
 1415  2
 1416  8
 1417  5
 1418  4
 1419  3
 1420  9
 1421  4
 1422  4
 1423  1
 1424  8
 1425  8
 1426  0
 1427  6
 1428  5
 1429  4
 1430  9
 1431  7
 1432  7
 1433  9
 1434  0
 1435  7
 1436  3
 1437  9
 1438  2
 1439  3
 1440  7
 1441  6
 1442  1
 1443  8
 1444  7
 1445  0
 1446  9
 1447  1
 1448  4
 1449  1
 1450  8
 1451  9
 1452  9
 1453  1
 1454  7
 1455  1
 1456  6
 1457  2
 1458  3
 1459  4
 1460  1
 1461  0
 1462  9
 1463  4
 1464  1
 1465  6
 1466  3
 1467  8
 1468  3
 1469  0
 1470  8
 1471  5
 1472  7
 1473  5
 1474  7
 1475  4
 1476  6
 1477  6
 1478  5
 1479  9
 1480  5
 1481  1
 1482  4
 1483  8
 1484  1
 1485  4
 1486  1
 1487  9
 1488  8
 1489  4
 1490  8
 1491  2
 1492  6
 1493  9
 1494  6
 1495  3
 1496  6
 1497  4
 1498  6
 1499  5
 1500  1
 1501  2
 1502  3
 1503  0
 1504  5
 1505  8
 1506  0
 1507  9
 1508  3
 1509  6
 1510  6
 1511  1
 1512  7
 1513  8
 1514  9
 1515  8
 1516  5
 1517  7
 1518  1
 1519  8
 1520  7
 1521  5
 1522  2
 1523  9
 1524  2
 1525  5
 1526  5
 1527  8
 1528  9
 1529  2
 1530  4
 1531  2
 1532  6
 1533  1
 1534  7
 1535  9
 1536  2
 1537  2
 1538  4
 1539  5
 1540  9
 1541  6
 1542  0
 1543  3
 1544  5
 1545  6
 1546  1
 1547  8
 1548  9
 1549  8
 1550  8
 1551  9
 1552  9
 1553  4
 1554  5
 1555  4
 1556  3
 1557  3
 1558  2
 1559  9
 1560  5
 1561  5
 1562  3
 1563  4
 1564  3
 1565  9
 1566  0
 1567  8
 1568  8
 1569  1
 1570  8
 1571  7
 1572  6
 1573  5
 1574  9
 1575  2
 1576  1
 1577  7
 1578  5
 1579  9
 1580  0
 1581  6
 1582  9
 1583  3
 1584  1
 1585  3
 1586  4
 1587  9
 1588  7
 1589  0
 1590  4
 1591  9
 1592  8
 1593  2
 1594  0
 1595  1
 1596  2
 1597  0
 1598  0
 1599  2
 1600  9
 1601  8
 1602  1
 1603  5
 1604  0
 1605  8
 1606  2
 1607  6
 1608  9
 1609  2
 1610  6
 1611  2
 1612  7
 1613  7
 1614  3
 1615  9
 1616  5
 1617  7
 1618  8
 1619  6
 1620  6
 1621  6
 1622  5
 1623  8
 1624  0
 1625  3
 1626  8
 1627  1
 1628  4
 1629  5
 1630  5
 1631  9
 1632  1
 1633  1
 1634  0
 1635  8
 1636  4
 1637  6
 1638  4
 1639  8
 1640  8
 1641  6
 1642  1
 1643  1
 1644  0
 1645  4
 1646  6
 1647  8
 1648  5
 1649  1
 1650  6
 1651  4
 1652  0
 1653  7
 1654  3
 1655  4
 1656  8
 1657  1
 1658  8
 1659  5
 1660  5
 1661  7
 1662  7
 1663  2
 1664  4
 1665  3
 1666  3
 1667  8
 1668  2
 1669  3
 1670  5
 1671  7
 1672  5
 1673  3
 1674  5
 1675  1
 1676  0
 1677  6
 1678  3
 1679  5
 1680  2
 1681  3
 1682  0
 1683  7
 1684  8
 1685  7
 1686  5
 1687  3
 1688  4
 1689  4
 1690  5
 1691  0
 1692  3
 1693  7
 1694  3
 1695  6
 1696  0
 1697  3
 1698  7
 1699  8
 1700  3
 1701  8
 1702  1
 1703  4
 1704  6
 1705  1
 1706  9
 1707  5
 1708  0
 1709  5
 1710  8
 1711  7
 1712  4
 1713  4
 1714  4
 1715  3
 1716  7
 1717  6
 1718  9
 1719  5
 1720  9
 1721  5
 1722  4
 1723  0
 1724  2
 1725  1
 1726  4
 1727  1
 1728  4
 1729  7
 1730  9
 1731  5
 1732  8
 1733  5
 1734  9
 1735  1
 1736  4
 1737  6
 1738  7
 1739  7
 1740  6
 1741  5
 1742  9
 1743  1
 1744  5
 1745  4
 1746  5
 1747  4
 1748  9
 1749  4
 1750  4
 1751  0
 1752  1
 1753  1
 1754  0
 1755  9
 1756  9
 1757  3
 1758  5
 1759  6
 1760  5
 1761  4
 1762  8
 1763  1
 1764  0
 1765  7
 1766  7
 1767  2
 1768  5
 1769  0
 1770  3
 1771  9
 1772  6
 1773  7
 1774  1
 1775  7
 1776  5
 1777  5
 1778  2
 1779  8
 1780  3
 1781  9
 1782  5
 1783  3
 1784  4
 1785  4
 1786  8
 1787  2
 1788  3
 1789  0
 1790  8
 1791  4
 1792  6
 1793  0
 1794  6
 1795  5
 1796  5
 1797  7
 1798  8
 1799  2
 1800  8
 1801  6
 1802  8
 1803  1
 1804  2
 1805  8
 1806  9
 1807  6
 1808  8
 1809  9
 1810  3
 1811  8
 1812  4
 1813  6
 1814  1
 1815  4
 1816  5
 1817  3
 1818  4
 1819  1
 1820  6
 1821  5
 1822  2
 1823  5
 1824  9
 1825  4
 1826  7
 1827  1
 1828  0
 1829  4
 1830  5
 1831  3
 1832  0
 1833  6
 1834  1
 1835  8
 1836  4
 1837  6
 1838  5
 1839  5
 1840  5
 1841  7
 1842  0
 1843  3
 1844  6
 1845  6
 1846  2
 1847  1
 1848  2
 1849  3
 1850  2
 1851  0
 1852  9
 1853  3
 1854  8
 1855  1
 1856  9
 1857  1
 1858  1
 1859  7
 1860  6
 1861  8
 1862  1
 1863  0
 1864  3
 1865  8
 1866  1
 1867  2
 1868  3
 1869  3
 1870  2
 1871  4
 1872  7
 1873  2
 1874  5
 1875  3
 1876  6
 1877  7
 1878  5
 1879  7
 1880  3
 1881  6
 1882  5
 1883  6
 1884  1
 1885  3
 1886  0
 1887  4
 1888  0
 1889  3
 1890  5
 1891  7
 1892  5
 1893  5
 1894  6
 1895  0
 1896  4
 1897  5
 1898  4
 1899  7
 1900  6
 1901  1
 1902  3
 1903  3
 1904  7
 1905  1
 1906  7
 1907  6
 1908  6
 1909  3
 1910  7
 1911  7
 1912  2
 1913  6
 1914  6
 1915  9
 1916  7
 1917  1
 1918  1
 1919  1
 1920  7
 1921  1
 1922  8
 1923  3
 1924  4
 1925  9
 1926  5
 1927  9
 1928  7
 1929  8
 1930  0
 1931  2
 1932  9
 1933  3
 1934  7
 1935  9
 1936  9
 1937  2
 1938  2
 1939  5
 1940  4
 1941  4
 1942  2
 1943  6
 1944  9
 1945  3
 1946  2
 1947  8
 1948  2
 1949  3
 1950  8
 1951  0
 1952  1
 1953  4
 1954  4
 1955  6
 1956  2
 1957  7
 1958  8
 1959  5
 1960  4
 1961  7
 1962  1
 1963  2
 1964  0
 1965  9
 1966  9
 1967  3
 1968  6
 1969  0
 1970  4
 1971  2
 1972  6
 1973  3
 1974  4
 1975  3
 1976  2
 1977  1
 1978  0
 1979  0
 1980  6
 1981  0
 1982  6
 1983  7
 1984  9
 1985  3
 1986  0
 1987  6
 1988  8
 1989  8
 1990  4
 1991  7
 1992  2
 1993  3
 1994  4
 1995  0
 1996  9
 1997  0
 1998  5
 1999  4
 2000  1
 2001  7
 2002  6
 2003  6
 2004  4
 2005  9
 2006  6
 2007  1
 2008  2
 2009  5
 2010  7
 2011  8
 2012  1
 2013  8
 2014  7
 2015  6
 2016  5
 2017  8
 2018  7
 2019  1
 2020  2
 2021  2
 2022  7
 2023  1
 2024  3
 2025  8
 2026  0
 2027  5
 2028  4
 2029  4
 2030  1
 2031  1
 2032  0
 2033  2
 2034  8
 2035  4
 2036  4
 2037  7
 2038  6
 2039  7
 2040  8
 2041  2
 2042  7
 2043  2
 2044  2
 2045  0
 2046  8
 2047  3
 2048  0
 2049  7
 2050  2
 2051  5
 2052  4
 2053  2
 2054  1
 2055  8
 2056  6
 2057  6
 2058  2
 2059  4
 2060  6
 2061  3
 2062  6
 2063  6
 2064  7
 2065  1
 2066  4
 2067  0
 2068  1
 2069  3
 2070  9
 2071  2
 2072  0
 2073  8
 2074  3
 2075  3
 2076  2
 2077  5
 2078  1
 2079  6
 2080  8
 2081  0
 2082  3
 2083  1
 2084  0
 2085  7
 2086  1
 2087  9
 2088  4
 2089  3
 2090  1
 2091  2
 2092  3
 2093  5
 2094  3
 2095  4
 2096  3
 2097  9
 2098  0
 2099  0
 2100  3
 2101  7
 2102  3
 2103  3
 2104  5
 2105  4
 2106  3
 2107  3
 2108  6
 2109  2
 2110  6
 2111  6
 2112  7
 2113  6
 2114  8
 2115  8
 2116  1
 2117  5
 2118  5
 2119  6
 2120  2
 2121  5
 2122  9
 2123  0
 2124  5
 2125  7
 2126  5
 2127  8
 2128  7
 2129  3
 2130  8
 2131  5
 2132  2
 2133  9
 2134  7
 2135  4
 2136  7
 2137  7
 2138  7
 2139  3
 2140  4
 2141  3
 2142  7
 2143  7
 2144  3
 2145  8
 2146  3
 2147  5
 2148  5
 2149  1
 2150  7
 2151  9
 2152  7
 2153  9
 2154  9
 2155  4
 2156  1
 2157  2
 2158  0
 2159  7
 2160  5
 2161  2
 2162  9
 2163  5
 2164  8
 2165  6
 2166  1
 2167  9
 2168  2
 2169  6
 2170  8
 2171  6
 2172  6
 2173  8
 2174  5
 2175  6
 2176  5
 2177  9
 2178  2
 2179  3
 2180  9
 2181  3
 2182  9
 2183  3
 2184  7
 2185  9
 2186  4
 2187  4
 2188  0
 2189  4
 2190  4
 2191  4
 2192  1
 2193  1
 2194  9
 2195  9
 2196  2
 2197  3
 2198  7
 2199  4
 2200  1
 2201  0
 2202  4
 2203  6
 2204  6
 2205  5
 2206  4
 2207  7
 2208  0
 2209  4
 2210  1
 2211  2
 2212  5
 2213  0
 2214  0
 2215  7
 2216  2
 2217  9
 2218  6
 2219  5
 2220  0
 2221  5
 2222  6
 2223  2
 2224  2
 2225  8
 2226  9
 2227  2
 2228  1
 2229  0
 2230  5
 2231  5
 2232  9
 2233  3
 2234  9
 2235  4
 2236  9
 2237  3
 2238  7
 2239  3
 2240  7
 2241  8
 2242  6
 2243  7
 2244  1
 2245  9
 2246  5
 2247  8
 2248  3
 2249  5
 2250  1
 2251  6
 2252  9
 2253  8
 2254  3
 2255  7
 2256  5
 2257  4
 2258  0
 2259  1
 2260  6
 2261  8
 2262  1
 2263  6
 2264  6
 2265  4
 2266  6
 2267  1
 2268  7
 2269  9
 2270  0
 2271  4
 2272  3
 2273  3
 2274  3
 2275  1
 2276  6
 2277  4
 2278  8
 2279  0
 2280  4
 2281  6
 2282  5
 2283  4
 2284  5
 2285  1
 2286  4
 2287  5
 2288  5
 2289  1
 2290  2
 2291  3
 2292  9
 2293  7
 2294  8
 2295  6
 2296  5
 2297  3
 2298  4
 2299  0
 2300  4
 2301  3
 2302  7
 2303  7
 2304  6
 2305  8
 2306  4
 2307  4
 2308  7
 2309  9
 2310  7
 2311  8
 2312  5
 2313  8
 2314  2
 2315  2
 2316  3
 2317  9
 2318  6
 2319  0
 2320  9
 2321  6
 2322  2
 2323  5
 2324  6
 2325  7
 2326  0
 2327  3
 2328  5
 2329  1
 2330  7
 2331  4
 2332  4
 2333  0
 2334  6
 2335  0
 2336  5
 2337  2
 2338  3
 2339  0
 2340  8
 2341  5
 2342  1
 2343  6
 2344  2
 2345  7
 2346  3
 2347  1
 2348  4
 2349  2
 2350  9
 2351  1
 2352  7
 2353  7
 2354  8
 2355  9
 2356  5
 2357  5
 2358  2
 2359  0
 2360  4
 2361  2
 2362  9
 2363  3
 2364  6
 2365  1
 2366  1
 2367  9
 2368  7
 2369  1
 2370  2
 2371  1
 2372  8
 2373  9
 2374  3
 2375  5
 2376  9
 2377  4
 2378  1
 2379  7
 2380  5
 2381  1
 2382  1
 2383  8
 2384  2
 2385  2
 2386  6
 2387  8
 2388  4
 2389  7
 2390  9
 2391  7
 2392  3
 2393  1
 2394  7
 2395  1
 2396  9
 2397  9
 2398  4
 2399  7
 2400  6
 2401  8
 2402  9
 2403  6
 2404  9
 2405  6
 2406  8
 2407  5
 2408  7
 2409  4
 2410  6
 2411  4
 2412  6
 2413  5
 2414  4
 2415  2
 2416  6
 2417  1
 2418  2
 2419  0
 2420  9
 2421  3
 2422  1
 2423  6
 2424  8
 2425  1
 2426  3
 2427  7
 2428  0
 2429  3
 2430  5
 2431  5
 2432  4
 2433  5
 2434  4
 2435  9
 2436  0
 2437  4
 2438  7
 2439  3
 2440  0
 2441  2
 2442  7
 2443  8
 2444  4
 2445  2
 2446  6
 2447  9
 2448  4
 2449  2
 2450  8
 2451  5
 2452  0
 2453  5
 2454  2
 2455  7
 2456  7
 2457  4
 2458  2
 2459  9
 2460  9
 2461  8
 2462  3
 2463  0
 2464  1
 2465  1
 2466  9
 2467  1
 2468  0
 2469  8
 2470  4
 2471  0
 2472  5
 2473  8
 2474  5
 2475  2
 2476  5
 2477  2
 2478  5
 2479  4
 2480  9
 2481  0
 2482  6
 2483  5
 2484  6
 2485  9
 2486  3
 2487  6
 2488  6
 2489  8
 2490  4
 2491  9
 2492  1
 2493  8
 2494  0
 2495  5
 2496  2
 2497  0
 2498  6
 2499  0
 2500  2
 2501  2
 2502  7
 2503  8
 2504  6
 2505  2
 2506  0
 2507  9
 2508  8
 2509  4
 2510  2
 2511  6
 2512  1
 2513  8
 2514  8
 2515  9
 2516  4
 2517  3
 2518  2
 2519  2
 2520  3
 2521  2
 2522  7
 2523  3
 2524  3
 2525  3
 2526  2
 2527  9
 2528  6
 2529  2
 2530  8
 2531  8
 2532  7
 2533  9
 2534  8
 2535  5
 2536  9
 2537  0
 2538  7
 2539  5
 2540  1
 2541  4
 2542  8
 2543  0
 2544  2
 2545  8
 2546  4
 2547  3
 2548  6
 2549  4
 2550  4
 2551  8
 2552  1
 2553  0
 2554  2
 2555  0
 2556  9
 2557  7
 2558  2
 2559  1
 2560  2
 2561  2
 2562  2
 2563  0
 2564  6
 2565  2
 2566  8
 2567  5
 2568  1
 2569  5
 2570  3
 2571  1
 2572  7
 2573  7
 2574  9
 2575  1
 2576  5
 2577  2
 2578  6
 2579  5
 2580  3
 2581  3
 2582  7
 2583  9
 2584  2
 2585  4
 2586  0
 2587  5
 2588  7
 2589  1
 2590  3
 2591  0
 2592  3
 2593  7
 2594  5
 2595  4
 2596  3
 2597  7
 2598  0
 2599  3
 2600  7
 2601  0
 2602  5
 2603  9
 2604  7
 2605  3
 2606  4
 2607  7
 2608  3
 2609  9
 2610  3
 2611  6
 2612  5
 2613  2
 2614  3
 2615  6
 2616  5
 2617  9
 2618  1
 2619  1
 2620  7
 2621  9
 2622  5
 2623  2
 2624  9
 2625  0
 2626  6
 2627  4
 2628  8
 2629  9
 2630  7
 2631  2
 2632  6
 2633  3
 2634  5
 2635  5
 2636  5
 2637  5
 2638  5
 2639  5
 2640  5
 2641  2
 2642  2
 2643  4
 2644  5
 2645  5
 2646  5
 2647  3
 2648  8
 2649  6
 2650  1
 2651  6
 2652  9
 2653  0
 2654  2
 2655  7
 2656  5
 2657  6
 2658  4
 2659  7
 2660  2
 2661  9
 2662  7
 2663  6
 2664  0
 2665  6
 2666  2
 2667  0
 2668  3
 2669  4
 2670  5
 2671  9
 2672  7
 2673  8
 2674  6
 2675  4
 2676  4
 2677  1
 2678  9
 2679  5
 2680  9
 2681  5
 2682  5
 2683  2
 2684  8
 2685  4
 2686  0
 2687  5
 2688  9
 2689  6
 2690  6
 2691  2
 2692  2
 2693  0
 2694  4
 2695  2
 2696  6
 2697  9
 2698  2
 2699  8
 2700  7
 2701  0
 2702  1
 2703  5
 2704  5
 2705  6
 2706  8
 2707  0
 2708  7
 2709  2
 2710  3
 2711  1
 2712  2
 2713  3
 2714  2
 2715  7
 2716  2
 2717  9
 2718  5
 2719  6
 2720  0
 2721  4
 2722  9
 2723  1
 2724  9
 2725  7
 2726  2
 2727  7
 2728  5
 2729  5
 2730  5
 2731  5
 2732  1
 2733  1
 2734  7
 2735  3
 2736  8
 2737  1
 2738  1
 2739  7
 2740  4
 2741  3
 2742  9
 2743  4
 2744  9
 2745  8
 2746  0
 2747  4
 2748  1
 2749  1
 2750  7
 2751  8
 2752  2
 2753  5
 2754  6
 2755  2
 2756  1
 2757  0
 2758  0
 2759  3
 2760  5
 2761  8
 2762  0
 2763  9
 2764  8
 2765  7
 2766  4
 2767  8
 2768  6
 2769  9
 2770  4
 2771  3
 2772  4
 2773  9
 2774  1
 2775  6
 2776  1
 2777  7
 2778  6
 2779  1
 2780  9
 2781  1
 2782  1
 2783  4
 2784  1
 2785  2
 2786  9
 2787  5
 2788  7
 2789  0
 2790  6
 2791  8
 2792  4
 2793  5
 2794  8
 2795  3
 2796  8
 2797  5
 2798  5
 2799  2
 2800  7
 2801  7
 2802  2
 2803  8
 2804  6
 2805  3
 2806  5
 2807  0
 2808  1
 2809  8
 2810  4
 2811  1
 2812  9
 2813  8
 2814  4
 2815  6
 2816  6
 2817  3
 2818  3
 2819  7
 2820  5
 2821  1
 2822  2
 2823  7
 2824  0
 2825  3
 2826  6
 2827  5
 2828  2
 2829  9
 2830  4
 2831  4
 2832  4
 2833  4
 2834  3
 2835  9
 2836  1
 2837  7
 2838  9
 2839  2
 2840  0
 2841  7
 2842  8
 2843  8
 2844  8
 2845  0
 2846  5
 2847  4
 2848  6
 2849  3
 2850  1
 2851  7
 2852  7
 2853  6
 2854  1
 2855  5
 2856  6
 2857  2
 2858  5
 2859  0
 2860  5
 2861  6
 2862  5
 2863  7
 2864  7
 2865  9
 2866  6
 2867  5
 2868  4
 2869  1
 2870  3
 2871  6
 2872  8
 2873  6
 2874  6
 2875  7
 2876  9
 2877  6
 2878  6
 2879  1
 2880  9
 2881  3
 2882  8
 2883  0
 2884  3
 2885  3
 2886  1
 2887  1
 2888  3
 2889  0
 2890  0
 2891  0
 2892  9
 2893  1
 2894  9
 2895  7
 2896  4
 2897  2
 2898  8
 2899  7
 2900  2
 2901  1
 2902  1
 2903  0
 2904  5
 2905  6
 2906  3
 2907  3
 2908  4
 2909  4
 2910  7
 2911  6
 2912  2
 2913  9
 2914  3
 2915  4
 2916  7
 2917  1
 2918  3
 2919  0
 2920  4
 2921  9
 2922  6
 2923  5
 2924  9
 2925  1
 2926  5
 2927  7
 2928  7
 2929  2
 2930  1
 2931  5
 2932  7
 2933  4
 2934  9
 2935  1
 2936  3
 2937  5
 2938  4
 2939  7
 2940  5
 2941  2
 2942  7
 2943  7
 2944  5
 2945  0
 2946  5
 2947  2
 2948  2
 2949  2
 2950  8
 2951  1
 2952  5
 2953  4
 2954  7
 2955  7
 2956  2
 2957  3
 2958  3
 2959  9
 2960  7
 2961  8
 2962  2
 2963  7
 2964  0
 2965  1
 2966  2
 2967  0
 2968  6
 2969  7
 2970  1
 2971  5
 2972  6
 2973  1
 2974  3
 2975  4
 2976  6
 2977  9
 2978  6
 2979  6
 2980  7
 2981  5
 2982  2
 2983  8
 2984  0
 2985  4
 2986  4
 2987  5
 2988  3
 2989  9
 2990  5
 2991  2
 2992  8
 2993  8
 2994  3
 2995  1
 2996  1
 2997  1
 2998  1
 2999  3
 3000  7
 3001  2
 3002  5
 3003  2
 3004  3
 3005  3
 3006  0
 3007  0
 3008  5
 3009  3
 3010  7
 3011  9
 3012  2
 3013  6
 3014  1
 3015  4
 3016  6
 3017  0
 3018  9
 3019  3
 3020  5
 3021  7
 3022  4
 3023  1
 3024  0
 3025  4
 3026  2
 3027  7
 3028  3
 3029  8
 3030  6
 3031  3
 3032  1
 3033  2
 3034  4
 3035  8
 3036  0
 3037  1
 3038  8
 3039  6
 3040  3
 3041  9
 3042  0
 3043  7
 3044  6
 3045  8
 3046  8
 3047  0
 3048  2
 3049  9
 3050  4
 3051  5
 3052  0
 3053  7
 3054  6
 3055  9
 3056  9
 3057  5
 3058  2
 3059  3
 3060  8
 3061  3
 3062  9
 3063  8
 3064  4
 3065  4
 3066  8
 3067  6
 3068  1
 3069  4
 3070  2
 3071  9
 3072  4
 3073  1
 3074  9
 3075  1
 3076  4
 3077  7
 3078  6
 3079  7
 3080  9
 3081  6
 3082  5
 3083  5
 3084  2
 3085  6
 3086  6
 3087  8
 3088  9
 3089  6
 3090  4
 3091  0
 3092  4
 3093  9
 3094  4
 3095  7
 3096  8
 3097  6
 3098  6
 3099  5
 3100  6
 3101  8
 3102  2
 3103  9
 3104  6
 3105  1
 3106  3
 3107  0
 3108  1
 3109  3
 3110  0
 3111  1
 3112  6
 3113  7
 3114  5
 3115  4
 3116  3
 3117  8
 3118  6
 3119  0
 3120  7
 3121  0
 3122  9
 3123  0
 3124  0
 3125  6
 3126  8
 3127  2
 3128  9
 3129  2
 3130  9
 3131  6
 3132  1
 3133  6
 3134  5
 3135  3
 3136  9
 3137  3
 3138  2
 3139  9
 3140  0
 3141  4
 3142  6
 3143  4
 3144  2
 3145  9
 3146  7
 3147  1
 3148  3
 3149  4
 3150  4
 3151  1
 3152  7
 3153  9
 3154  2
 3155  0
 3156  5
 3157  9
 3158  7
 3159  6
 3160  0
 3161  6
 3162  3
 3163  9
 3164  0
 3165  2
 3166  5
 3167  4
 3168  5
 3169  2
 3170  2
 3171  3
 3172  5
 3173  6
 3174  9
 3175  9
 3176  5
 3177  5
 3178  0
 3179  0
 3180  3
 3181  0
 3182  5
 3183  2
 3184  0
 3185  7
 3186  1
 3187  1
 3188  9
 3189  5
 3190  8
 3191  5
 3192  0
 3193  8
 3194  8
 3195  8
 3196  4
 3197  3
 3198  6
 3199  1
 3200  2
 3201  3
 3202  9
 3203  5
 3204  6
 3205  8
 3206  2
 3207  8
 3208  0
 3209  6
 3210  0
 3211  8
 3212  2
 3213  6
 3214  3
 3215  1
 3216  4
 3217  7
 3218  8
 3219  8
 3220  6
 3221  0
 3222  0
 3223  2
 3224  1
 3225  2
 3226  1
 3227  9
 3228  6
 3229  3
 3230  5
 3231  0
 3232  9
 3233  6
 3234  8
 3235  4
 3236  2
 3237  0
 3238  4
 3239  8
 3240  9
 3241  1
 3242  3
 3243  9
 3244  7
 3245  5
 3246  7
 3247  3
 3248  6
 3249  1
 3250  6
 3251  2
 3252  0
 3253  5
 3254  8
 3255  2
 3256  7
 3257  2
 3258  8
 3259  0
 3260  0
 3261  0
 3262  2
 3263  8
 3264  8
 3265  1
 3266  4
 3267  9
 3268  9
 3269  9
 3270  9
 3271  8
 3272  4
 3273  6
 3274  2
 3275  6
 3276  5
 3277  3
 3278  1
 3279  5
 3280  8
 3281  3
 3282  7
 3283  3
 3284  4
 3285  0
 3286  4
 3287  2
 3288  4
 3289  3
 3290  0
 3291  6
 3292  5
 3293  7
 3294  4
 3295  5
 3296  1
 3297  4
 3298  6
 3299  1
 3300  8
 3301  1
 3302  9
 3303  0
 3304  9
 3305  2
 3306  1
 3307  6
 3308  0
 3309  7
 3310  0
 3311  9
 3312  0
 3313  9
 3314  9
 3315  9
 3316  4
 3317  6
 3318  4
 3319  1
 3320  3
 3321  0
 3322  0
 3323  3
 3324  9
 3325  5
 3326  7
 3327  8
 3328  1
 3329  2
 3330  3
 3331  8
 3332  8
 3333  0
 3334  0
 3335  2
 3336  6
 3337  5
 3338  3
 3339  4
 3340  6
 3341  3
 3342  7
 3343  7
 3344  4
 3345  9
 3346  8
 3347  5
 3348  6
 3349  6
 3350  0
 3351  2
 3352  1
 3353  3
 3354  0
 3355  4
 3356  9
 3357  8
 3358  9
 3359  3
 3360  0
 3361  8
 3362  6
 3363  6
 3364  0
 3365  6
 3366  3
 3367  8
 3368  6
 3369  0
 3370  1
 3371  6
 3372  7
 3373  7
 3374  1
 3375  1
 3376  7
 3377  4
 3378  9
 3379  5
 3380  3
 3381  5
 3382  9
 3383  1
 3384  3
 3385  7
 3386  9
 3387  3
 3388  9
 3389  9
 3390  6
 3391  9
 3392  8
 3393  5
 3394  7
 3395  2
 3396  4
 3397  2
 3398  0
 3399  2
 3400  9
 3401  8
 3402  6
 3403  1
 3404  4
 3405  1
 3406  7
 3407  1
 3408  1
 3409  7
 3410  5
 3411  0
 3412  8
 3413  4
 3414  1
 3415  7
 3416  4
 3417  9
 3418  6
 3419  9
 3420  4
 3421  6
 3422  0
 3423  2
 3424  0
 3425  7
 3426  5
 3427  4
 3428  1
 3429  3
 3430  1
 3431  9
 3432  7
 3433  4
 3434  1
 3435  9
 3436  2
 3437  9
 3438  2
 3439  6
 3440  7
 3441  3
 3442  8
 3443  3
 3444  2
 3445  2
 3446  3
 3447  3
 3448  6
 3449  9
 3450  6
 3451  9
 3452  4
 3453  3
 3454  6
 3455  6
 3456  4
 3457  4
 3458  7
 3459  5
 3460  9
 3461  4
 3462  9
 3463  5
 3464  3
 3465  5
 3466  9
 3467  4
 3468  5
 3469  7
 3470  6
 3471  4
 3472  1
 3473  8
 3474  2
 3475  5
 3476  0
 3477  3
 3478  9
 3479  1
 3480  8
 3481  4
 3482  1
 3483  6
 3484  4
 3485  8
 3486  4
 3487  0
 3488  6
 3489  5
 3490  2
 3491  6
 3492  8
 3493  1
 3494  2
 3495  9
 3496  7
 3497  0
 3498  3
 3499  6
 3500  5
 3501  5
 3502  2
 3503  4
 3504  3
 3505  1
 3506  6
 3507  4
 3508  9
 3509  1
 3510  3
 3511  1
 3512  5
 3513  7
 3514  0
 3515  5
 3516  8
 3517  8
 3518  6
 3519  9
 3520  2
 3521  0
 3522  1
 3523  7
 3524  0
 3525  6
 3526  7
 3527  8
 3528  4
 3529  7
 3530  6
 3531  4
 3532  9
 3533  8
 3534  9
 3535  1
 3536  9
 3537  2
 3538  0
 3539  5
 3540  0
 3541  3
 3542  4
 3543  5
 3544  2
 3545  4
 3546  3
 3547  1
 3548  7
 3549  7
 3550  7
 3551  1
 3552  0
 3553  3
 3554  8
 3555  2
 3556  5
 3557  1
 3558  0
 3559  2
 3560  7
 3561  0
 3562  0
 3563  4
 3564  6
 3565  1
 3566  5
 3567  2
 3568  7
 3569  9
 3570  0
 3571  7
 3572  4
 3573  4
 3574  1
 3575  5
 3576  3
 3577  3
 3578  3
 3579  5
 3580  9
 3581  0
 3582  3
 3583  7
 3584  6
 3585  0
 3586  3
 3587  2
 3588  0
 3589  6
 3590  3
 3591  5
 3592  6
 3593  9
 3594  5
 3595  8
 3596  1
 3597  4
 3598  4
 3599  8
 3600  8
 3601  3
 3602  4
 3603  3
 3604  9
 3605  7
 3606  0
 3607  4
 3608  5
 3609  7
 3610  4
 3611  8
 3612  0
 3613  7
 3614  4
 3615  7
 3616  1
 3617  9
 3618  1
 3619  6
 3620  7
 3621  3
 3622  0
 3623  5
 3624  4
 3625  8
 3626  8
 3627  1
 3628  0
 3629  3
 3630  7
 3631  0
 3632  2
 3633  0
 3634  3
 3635  8
 3636  0
 3637  7
 3638  3
 3639  9
 3640  7
 3641  3
 3642  3
 3643  0
 3644  1
 3645  2
 3646  5
 3647  4
 3648  5
 3649  0
 3650  8
 3651  0
 3652  6
 3653  7
 3654  5
 3655  3
 3656  8
 3657  6
 3658  2
 3659  3
 3660  7
 3661  1
 3662  8
 3663  1
 3664  1
 3665  0
 3666  4
 3667  8
 3668  8
 3669  1
 3670  8
 3671  7
 3672  9
 3673  4
 3674  1
 3675  7
 3676  7
 3677  6
 3678  3
 3679  6
 3680  8
 3681  4
 3682  0
 3683  6
 3684  7
 3685  7
 3686  0
 3687  5
 3688  0
 3689  3
 3690  8
 3691  1
 3692  9
 3693  0
 3694  2
 3695  5
 3696  0
 3697  7
 3698  5
 3699  9
 3700  5
 3701  8
 3702  3
 3703  5
 3704  2
 3705  7
 3706  8
 3707  4
 3708  2
 3709  5
 3710  4
 3711  6
 3712  0
 3713  2
 3714  6
 3715  7
 3716  5
 3717  8
 3718  8
 3719  4
 3720  2
 3721  1
 3722  7
 3723  8
 3724  6
 3725  0
 3726  2
 3727  2
 3728  6
 3729  2
 3730  9
 3731  4
 3732  2
 3733  2
 3734  5
 3735  8
 3736  7
 3737  5
 3738  9
 3739  0
 3740  3
 3741  6
 3742  0
 3743  3
 3744  2
 3745  8
 3746  9
 3747  3
 3748  3
 3749  0
 3750  0
 3751  4
 3752  7
 3753  3
 3754  7
 3755  0
 3756  8
 3757  3
 3758  5
 3759  1
 3760  2
 3761  3
 3762  4
 3763  2
 3764  4
 3765  3
 3766  1
 3767  2
 3768  8
 3769  3
 3770  7
 3771  0
 3772  2
 3773  2
 3774  7
 3775  5
 3776  2
 3777  2
 3778  3
 3779  6
 3780  8
 3781  0
 3782  1
 3783  9
 3784  4
 3785  2
 3786  1
 3787  2
 3788  8
 3789  0
 3790  4
 3791  4
 3792  2
 3793  3
 3794  3
 3795  4
 3796  5
 3797  8
 3798  4
 3799  0
 3800  9
 3801  2
 3802  1
 3803  4
 3804  7
 3805  8
 3806  1
 3807  2
 3808  5
 3809  9
 3810  1
 3811  5
 3812  5
 3813  3
 3814  9
 3815  3
 3816  7
 3817  6
 3818  2
 3819  3
 3820  7
 3821  5
 3822  0
 3823  3
 3824  4
 3825  9
 3826  9
 3827  5
 3828  1
 3829  2
 3830  5
 3831  2
 3832  0
 3833  2
 3834  5
 3835  0
 3836  3
 3837  5
 3838  3
 3839  9
 3840  7
 3841  4
 3842  0
 3843  9
 3844  5
 3845  1
 3846  8
 3847  5
 3848  5
 3849  0
 3850  0
 3851  1
 3852  1
 3853  7
 3854  8
 3855  4
 3856  5
 3857  4
 3858  6
 3859  4
 3860  0
 3861  9
 3862  8
 3863  2
 3864  3
 3865  6
 3866  1
 3867  4
 3868  1
 3869  4
 3870  9
 3871  0
 3872  1
 3873  1
 3874  0
 3875  1
 3876  4
 3877  3
 3878  8
 3879  5
 3880  5
 3881  0
 3882  9
 3883  0
 3884  9
 3885  7
 3886  7
 3887  9
 3888  9
 3889  7
 3890  6
 3891  0
 3892  4
 3893  5
 3894  2
 3895  7
 3896  2
 3897  5
 3898  0
 3899  8
 3900  1
 3901  7
 3902  0
 3903  2
 3904  8
 3905  3
 3906  5
 3907  6
 3908  0
 3909  6
 3910  5
 3911  7
 3912  4
 3913  3
 3914  9
 3915  5
 3916  3
 3917  1
 3918  8
 3919  9
 3920  1
 3921  0
 3922  6
 3923  3
 3924  8
 3925  3
 3926  5
 3927  0
 3928  8
 3929  5
 3930  9
 3931  6
 3932  3
 3933  5
 3934  2
 3935  6
 3936  0
 3937  2
 3938  2
 3939  9
 3940  5
 3941  1
 3942  3
 3943  4
 3944  5
 3945  1
 3946  0
 3947  4
 3948  7
 3949  4
 3950  4
 3951  5
 3952  8
 3953  9
 3954  3
 3955  8
 3956  3
 3957  2
 3958  6
 3959  9
 3960  1
 3961  2
 3962  3
 3963  7
 3964  0
 3965  9
 3966  9
 3967  4
 3968  9
 3969  4
 3970  6
 3971  7
 3972  4
 3973  6
 3974  2
 3975  9
 3976  0
 3977  4
 3978  9
 3979  0
 3980  6
 3981  1
 3982  6
 3983  4
 3984  9
 3985  1
 3986  5
 3987  2
 3988  2
 3989  9
 3990  2
 3991  4
 3992  5
 3993  9
 3994  4
 3995  6
 3996  7
 3997  0
 3998  3
 3999  1
 4000  9
 4001  8
 4002  1
 4003  5
 4004  7
 4005  2
 4006  2
 4007  9
 4008  5
 4009  2
 4010  7
 4011  5
 4012  4
 4013  4
 4014  3
 4015  3
 4016  3
 4017  6
 4018  6
 4019  9
 4020  4
 4021  3
 4022  6
 4023  9
 4024  7
 4025  3
 4026  7
 4027  5
 4028  8
 4029  7
 4030  6
 4031  9
 4032  2
 4033  0
 4034  2
 4035  7
 4036  0
 4037  5
 4038  2
 4039  9
 4040  7
 4041  4
 4042  9
 4043  3
 4044  2
 4045  9
 4046  4
 4047  8
 4048  5
 4049  9
 4050  9
 4051  4
 4052  8
 4053  4
 4054  4
 4055  4
 4056  5
 4057  3
 4058  1
 4059  1
 4060  1
 4061  2
 4062  0
 4063  0
 4064  0
 4065  1
 4066  6
 4067  9
 4068  6
 4069  1
 4070  0
 4071  2
 4072  9
 4073  0
 4074  5
 4075  3
 4076  1
 4077  9
 4078  1
 4079  9
 4080  3
 4081  2
 4082  4
 4083  2
 4084  3
 4085  1
 4086  6
 4087  6
 4088  9
 4089  8
 4090  0
 4091  8
 4092  9
 4093  8
 4094  6
 4095  5
 4096  3
 4097  5
 4098  5
 4099  1
 4100  5
 4101  2
 4102  1
 4103  1
 4104  6
 4105  1
 4106  5
 4107  2
 4108  4
 4109  3
 4110  0
 4111  8
 4112  8
 4113  0
 4114  1
 4115  7
 4116  7
 4117  1
 4118  9
 4119  6
 4120  6
 4121  9
 4122  0
 4123  3
 4124  4
 4125  9
 4126  4
 4127  2
 4128  6
 4129  3
 4130  3
 4131  2
 4132  5
 4133  8
 4134  7
 4135  5
 4136  1
 4137  6
 4138  5
 4139  3
 4140  1
 4141  9
 4142  4
 4143  5
 4144  3
 4145  2
 4146  2
 4147  0
 4148  7
 4149  5
 4150  7
 4151  6
 4152  0
 4153  3
 4154  2
 4155  6
 4156  7
 4157  3
 4158  7
 4159  7
 4160  3
 4161  5
 4162  0
 4163  8
 4164  9
 4165  0
 4166  9
 4167  6
 4168  3
 4169  4
 4170  2
 4171  3
 4172  7
 4173  7
 4174  0
 4175  9
 4176  1
 4177  4
 4178  9
 4179  4
 4180  7
 4181  2
 4182  3
 4183  4
 4184  6
 4185  3
 4186  3
 4187  0
 4188  4
 4189  8
 4190  5
 4191  3
 4192  2
 4193  8
 4194  1
 4195  7
 4196  1
 4197  4
 4198  9
 4199  1
 4200  3
 4201  6
 4202  6
 4203  3
 4204  7
 4205  4
 4206  2
 4207  7
 4208  8
 4209  1
 4210  6
 4211  5
 4212  8
 4213  0
 4214  3
 4215  4
 4216  4
 4217  0
 4218  9
 4219  2
 4220  0
 4221  1
 4222  4
 4223  3
 4224  6
 4225  4
 4226  4
 4227  3
 4228  6
 4229  3
 4230  7
 4231  4
 4232  4
 4233  1
 4234  4
 4235  2
 4236  5
 4237  8
 4238  7
 4239  5
 4240  1
 4241  5
 4242  6
 4243  8
 4244  8
 4245  9
 4246  7
 4247  2
 4248  5
 4249  9
 4250  0
 4251  5
 4252  7
 4253  5
 4254  9
 4255  7
 4256  6
 4257  5
 4258  2
 4259  4
 4260  3
 4261  5
 4262  5
 4263  9
 4264  0
 4265  3
 4266  7
 4267  7
 4268  3
 4269  3
 4270  9
 4271  5
 4272  8
 4273  5
 4274  5
 4275  3
 4276  6
 4277  6
 4278  8
 4279  8
 4280  1
 4281  2
 4282  7
 4283  8
 4284  1
 4285  4
 4286  1
 4287  3
 4288  6
 4289  0
 4290  7
 4291  0
 4292  7
 4293  4
 4294  5
 4295  5
 4296  7
 4297  5
 4298  5
 4299  9
 4300  7
 4301  4
 4302  5
 4303  8
 4304  3
 4305  4
 4306  3
 4307  3
 4308  7
 4309  0
 4310  0
 4311  2
 4312  0
 4313  6
 4314  1
 4315  8
 4316  8
 4317  9
 4318  9
 4319  4
 4320  4
 4321  3
 4322  4
 4323  9
 4324  6
 4325  0
 4326  5
 4327  4
 4328  8
 4329  0
 4330  7
 4331  2
 4332  4
 4333  8
 4334  7
 4335  9
 4336  7
 4337  0
 4338  7
 4339  7
 4340  2
 4341  3
 4342  7
 4343  7
 4344  5
 4345  7
 4346  5
 4347  7
 4348  7
 4349  8
 4350  3
 4351  6
 4352  3
 4353  7
 4354  6
 4355  8
 4356  5
 4357  4
 4358  7
 4359  7
 4360  7
 4361  9
 4362  7
 4363  6
 4364  6
 4365  0
 4366  0
 4367  3
 4368  1
 4369  2
 4370  8
 4371  7
 4372  4
 4373  5
 4374  2
 4375  0
 4376  6
 4377  6
 4378  9
 4379  0
 4380  4
 4381  1
 4382  8
 4383  1
 4384  2
 4385  2
 4386  5
 4387  4
 4388  5
 4389  2
 4390  2
 4391  5
 4392  9
 4393  6
 4394  6
 4395  9
 4396  0
 4397  4
 4398  9
 4399  7
 4400  2
 4401  8
 4402  8
 4403  8
 4404  1
 4405  8
 4406  9
 4407  0
 4408  2
 4409  5
 4410  5
 4411  2
 4412  4
 4413  2
 4414  0
 4415  7
 4416  4
 4417  5
 4418  2
 4419  8
 4420  0
 4421  7
 4422  8
 4423  7
 4424  8
 4425  9
 4426  7
 4427  6
 4428  6
 4429  0
 4430  6
 4431  2
 4432  7
 4433  0
 4434  5
 4435  7
 4436  0
 4437  1
 4438  2
 4439  9
 4440  7
 4441  4
 4442  4
 4443  2
 4444  4
 4445  2
 4446  3
 4447  6
 4448  0
 4449  5
 4450  1
 4451  9
 4452  1
 4453  6
 4454  2
 4455  5
 4456  0
 4457  8
 4458  6
 4459  7
 4460  9
 4461  3
 4462  6
 4463  3
 4464  3
 4465  9
 4466  0
 4467  2
 4468  5
 4469  8
 4470  1
 4471  6
 4472  6
 4473  2
 4474  1
 4475  4
 4476  2
 4477  8
 4478  3
 4479  7
 4480  4
 4481  1
 4482  9
 4483  2
 4484  3
 4485  6
 4486  1
 4487  8
 4488  3
 4489  8
 4490  3
 4491  5
 4492  5
 4493  9
 4494  6
 4495  3
 4496  8
 4497  9
 4498  8
 4499  3
 4500  9
 4501  5
 4502  6
 4503  2
 4504  1
 4505  9
 4506  7
 4507  0
 4508  7
 4509  2
 4510  2
 4511  3
 4512  8
 4513  3
 4514  7
 4515  0
 4516  1
 4517  6
 4518  4
 4519  1
 4520  7
 4521  2
 4522  4
 4523  1
 4524  3
 4525  0
 4526  1
 4527  5
 4528  3
 4529  7
 4530  2
 4531  7
 4532  9
 4533  4
 4534  1
 4535  4
 4536  2
 4537  7
 4538  2
 4539  0
 4540  4
 4541  7
 4542  8
 4543  8
 4544  3
 4545  5
 4546  7
 4547  2
 4548  5
 4549  7
 4550  1
 4551  2
 4552  2
 4553  4
 4554  9
 4555  1
 4556  9
 4557  8
 4558  1
 4559  0
 4560  3
 4561  8
 4562  0
 4563  5
 4564  6
 4565  3
 4566  5
 4567  0
 4568  9
 4569  2
 4570  7
 4571  1
 4572  7
 4573  6
 4574  8
 4575  3
 4576  2
 4577  6
 4578  5
 4579  5
 4580  2
 4581  4
 4582  6
 4583  3
 4584  3
 4585  6
 4586  4
 4587  2
 4588  5
 4589  0
 4590  3
 4591  9
 4592  3
 4593  5
 4594  4
 4595  8
 4596  7
 4597  4
 4598  3
 4599  5
 4600  3
 4601  6
 4602  6
 4603  2
 4604  1
 4605  4
 4606  0
 4607  0
 4608  9
 4609  6
 4610  3
 4611  8
 4612  4
 4613  3
 4614  8
 4615  5
 4616  0
 4617  6
 4618  7
 4619  0
 4620  4
 4621  8
 4622  4
 4623  6
 4624  7
 4625  4
 4626  8
 4627  2
 4628  7
 4629  3
 4630  3
 4631  2
 4632  9
 4633  4
 4634  4
 4635  0
 4636  5
 4637  5
 4638  1
 4639  8
 4640  7
 4641  6
 4642  4
 4643  7
 4644  3
 4645  1
 4646  0
 4647  6
 4648  1
 4649  0
 4650  6
 4651  3
 4652  5
 4653  9
 4654  3
 4655  3
 4656  3
 4657  5
 4658  3
 4659  8
 4660  9
 4661  6
 4662  9
 4663  8
 4664  0
 4665  0
 4666  8
 4667  7
 4668  8
 4669  4
 4670  5
 4671  5
 4672  2
 4673  8
 4674  8
 4675  8
 4676  8
 4677  0
 4678  8
 4679  8
 4680  2
 4681  7
 4682  5
 4683  8
 4684  9
 4685  5
 4686  5
 4687  6
 4688  5
 4689  3
 4690  6
 4691  5
 4692  1
 4693  5
 4694  7
 4695  5
 4696  4
 4697  1
 4698  6
 4699  6
 4700  7
 4701  2
 4702  7
 4703  3
 4704  8
 4705  9
 4706  5
 4707  2
 4708  8
 4709  4
 4710  6
 4711  7
 4712  3
 4713  3
 4714  5
 4715  0
 4716  0
 4717  2
 4718  8
 4719  2
 4720  0
 4721  5
 4722  2
 4723  7
 4724  3
 4725  5
 4726  7
 4727  8
 4728  7
 4729  2
 4730  0
 4731  5
 4732  9
 4733  5
 4734  7
 4735  7
 4736  4
 4737  6
 4738  4
 4739  7
 4740  8
 4741  3
 4742  9
 4743  5
 4744  6
 4745  9
 4746  7
 4747  1
 4748  4
 4749  4
 4750  7
 4751  8
 4752  3
 4753  8
 4754  6
 4755  3
 4756  6
 4757  7
 4758  3
 4759  8
 4760  2
 4761  4
 4762  6
 4763  6
 4764  3
 4765  5
 4766  9
 4767  3
 4768  5
 4769  5
 4770  8
 4771  9
 4772  7
 4773  5
 4774  2
 4775  6
 4776  9
 4777  8
 4778  4
 4779  4
 4780  6
 4781  9
 4782  4
 4783  5
 4784  1
 4785  8
 4786  2
 4787  6
 4788  7
 4789  1
 4790  6
 4791  7
 4792  8
 4793  8
 4794  7
 4795  2
 4796  7
 4797  3
 4798  6
 4799  3
 4800  5
 4801  8
 4802  6
 4803  4
 4804  9
 4805  3
 4806  4
 4807  8
 4808  1
 4809  8
 4810  3
 4811  9
 4812  9
 4813  6
 4814  6
 4815  1
 4816  9
 4817  9
 4818  5
 4819  1
 4820  1
 4821  6
 4822  9
 4823  2
 4824  2
 4825  3
 4826  2
 4827  5
 4828  2
 4829  3
 4830  7
 4831  1
 4832  3
 4833  1
 4834  9
 4835  0
 4836  8
 4837  2
 4838  5
 4839  8
 4840  9
 4841  8
 4842  9
 4843  7
 4844  9
 4845  0
 4846  6
 4847  8
 4848  4
 4849  8
 4850  5
 4851  6
 4852  7
 4853  9
 4854  2
 4855  3
 4856  7
 4857  9
 4858  7
 4859  5
 4860  6
 4861  9
 4862  5
 4863  0
 4864  6
 4865  2
 4866  8
 4867  1
 4868  2
 4869  9
 4870  4
 4871  6
 4872  4
 4873  6
 4874  0
 4875  4
 4876  4
 4877  8
 4878  1
 4879  0
 4880  0
 4881  7
 4882  7
 4883  1
 4884  3
 4885  6
 4886  5
 4887  1
 4888  1
 4889  5
 4890  6
 4891  3
 4892  8
 4893  5
 4894  1
 4895  5
 4896  6
 4897  5
 4898  5
 4899  4
 4900  9
 4901  8
 4902  7
 4903  0
 4904  4
 4905  3
 4906  8
 4907  5
 4908  2
 4909  0
 4910  8
 4911  5
 4912  1
 4913  7
 4914  3
 4915  9
 4916  2
 4917  6
 4918  0
 4919  2
 4920  2
 4921  4
 4922  0
 4923  4
 4924  2
 4925  3
 4926  6
 4927  8
 4928  5
 4929  1
 4930  8
 4931  7
 4932  5
 4933  7
 4934  7
 4935  7
 4936  1
 4937  8
 4938  7
 4939  1
 4940  1
 4941  8
 4942  3
 4943  2
 4944  1
 4945  6
 4946  7
 4947  4
 4948  3
 4949  5
 4950  2
 4951  0
 4952  7
 4953  4
 4954  7
 4955  1
 4956  0
 4957  1
 4958  8
 4959  3
 4960  7
 4961  8
 4962  5
 4963  6
 4964  0
 4965  3
 4966  9
 4967  0
 4968  2
 4969  9
 4970  7
 4971  4
 4972  0
 4973  2
 4974  4
 4975  1
 4976  0
 4977  2
 4978  0
 4979  0
 4980  2
 4981  1
 4982  3
 4983  5
 4984  9
 4985  4
 4986  0
 4987  2
 4988  7
 4989  6
 4990  1
 4991  3
 4992  0
 4993  3
 4994  1
 4995  3
 4996  0
 4997  4
 4998  8
 4999  3
 5000  5
 5001  0
 5002  8
 5003  2
 5004  9
 5005  9
 5006  5
 5007  9
 5008  6
 5009  8
 5010  8
 5011  6
 5012  9
 5013  3
 5014  1
 5015  4
 5016  8
 5017  5
 5018  7
 5019  4
 5020  4
 5021  4
 5022  3
 5023  7
 5024  2
 5025  0
 5026  8
 5027  7
 5028  7
 5029  6
 5030  1
 5031  1
 5032  2
 5033  5
 5034  9
 5035  6
 5036  8
 5037  2
 5038  9
 5039  1
 5040  8
 5041  7
 5042  4
 5043  4
 5044  9
 5045  3
 5046  7
 5047  0
 5048  6
 5049  5
 5050  2
 5051  1
 5052  6
 5053  8
 5054  5
 5055  6
 5056  4
 5057  3
 5058  3
 5059  2
 5060  0
 5061  3
 5062  8
 5063  8
 5064  6
 5065  9
 5066  2
 5067  7
 5068  0
 5069  9
 5070  9
 5071  8
 5072  2
 5073  0
 5074  4
 5075  4
 5076  6
 5077  7
 5078  1
 5079  6
 5080  3
 5081  7
 5082  6
 5083  3
 5084  6
 5085  6
 5086  3
 5087  1
 5088  9
 5089  5
 5090  0
 5091  1
 5092  9
 5093  5
 5094  7
 5095  6
 5096  6
 5097  0
 5098  0
 5099  9
 5100  9
 5101  0
 5102  2
 5103  3
 5104  6
 5105  6
 5106  6
 5107  6
 5108  0
 5109  8
 5110  8
 5111  1
 5112  8
 5113  6
 5114  8
 5115  0
 5116  0
 5117  4
 5118  8
 5119  9
 5120  5
 5121  8
 5122  6
 5123  7
 5124  3
 5125  9
 5126  4
 5127  9
 5128  1
 5129  7
 5130  9
 5131  2
 5132  6
 5133  6
 5134  3
 5135  2
 5136  3
 5137  7
 5138  1
 5139  2
 5140  9
 5141  6
 5142  7
 5143  8
 5144  0
 5145  6
 5146  8
 5147  5
 5148  6
 5149  3
 5150  1
 5151  7
 5152  0
 5153  4
 5154  3
 5155  4
 5156  2
 5157  8
 5158  4
 5159  1
 5160  4
 5161  2
 5162  5
 5163  8
 5164  1
 5165  4
 5166  6
 5167  9
 5168  4
 5169  0
 5170  4
 5171  4
 5172  4
 5173  7
 5174  4
 5175  8
 5176  7
 5177  8
 5178  9
 5179  4
 5180  1
 5181  2
 5182  5
 5183  0
 5184  7
 5185  2
 5186  7
 5187  0
 5188  6
 5189  8
 5190  0
 5191  2
 5192  8
 5193  2
 5194  6
 5195  4
 5196  8
 5197  8
 5198  4
 5199  7
 5200  4
 5201  7
 5202  9
 5203  5
 5204  2
 5205  8
 5206  9
 5207  6
 5208  1
 5209  5
 5210  2
 5211  2
 5212  0
 5213  1
 5214  6
 5215  8
 5216  4
 5217  1
 5218  7
 5219  3
 5220  9
 5221  5
 5222  9
 5223  8
 5224  6
 5225  9
 5226  7
 5227  0
 5228  0
 5229  4
 5230  5
 5231  9
 5232  1
 5233  3
 5234  1
 5235  3
 5236  7
 5237  8
 5238  3
 5239  3
 5240  2
 5241  5
 5242  7
 5243  4
 5244  9
 5245  7
 5246  0
 5247  5
 5248  3
 5249  3
 5250  1
 5251  7
 5252  5
 5253  7
 5254  8
 5255  9
 5256  6
 5257  4
 5258  1
 5259  5
 5260  2
 5261  4
 5262  5
 5263  4
 5264  3
 5265  2
 5266  5
 5267  8
 5268  0
 5269  6
 5270  2
 5271  2
 5272  1
 5273  0
 5274  5
 5275  6
 5276  5
 5277  9
 5278  8
 5279  0
 5280  6
 5281  5
 5282  7
 5283  0
 5284  8
 5285  8
 5286  9
 5287  1
 5288  5
 5289  5
 5290  8
 5291  2
 5292  7
 5293  5
 5294  3
 5295  9
 5296  3
 5297  8
 5298  0
 5299  0
 5300  9
 5301  0
 5302  3
 5303  8
 5304  2
 5305  0
 5306  2
 5307  5
 5308  1
 5309  2
 5310  7
 5311  7
 5312  3
 5313  7
 5314  8
 5315  2
 5316  1
 5317  1
 5318  2
 5319  8
 5320  7
 5321  9
 5322  0
 5323  9
 5324  4
 5325  4
 5326  7
 5327  4
 5328  3
 5329  4
 5330  3
 5331  5
 5332  7
 5333  6
 5334  9
 5335  8
 5336  0
 5337  8
 5338  0
 5339  2
 5340  2
 5341  5
 5342  8
 5343  7
 5344  5
 5345  6
 5346  3
 5347  4
 5348  4
 5349  0
 5350  8
 5351  9
 5352  9
 5353  9
 5354  1
 5355  5
 5356  1
 5357  4
 5358  9
 5359  3
 5360  4
 5361  6
 5362  3
 5363  0
 5364  8
 5365  1
 5366  1
 5367  7
 5368  5
 5369  7
 5370  0
 5371  8
 5372  7
 5373  8
 5374  4
 5375  2
 5376  8
 5377  4
 5378  6
 5379  4
 5380  0
 5381  2
 5382  7
 5383  5
 5384  5
 5385  1
 5386  9
 5387  3
 5388  7
 5389  6
 5390  3
 5391  9
 5392  8
 5393  0
 5394  8
 5395  8
 5396  6
 5397  7
 5398  1
 5399  5
 5400  3
 5401  7
 5402  3
 5403  6
 5404  9
 5405  8
 5406  5
 5407  4
 5408  6
 5409  3
 5410  3
 5411  0
 5412  6
 5413  9
 5414  2
 5415  7
 5416  4
 5417  7
 5418  3
 5419  3
 5420  0
 5421  2
 5422  9
 5423  8
 5424  9
 5425  2
 5426  2
 5427  8
 5428  1
 5429  6
 5430  0
 5431  7
 5432  1
 5433  6
 5434  8
 5435  6
 5436  8
 5437  5
 5438  0
 5439  5
 5440  8
 5441  0
 5442  6
 5443  4
 5444  4
 5445  8
 5446  1
 5447  5
 5448  8
 5449  2
 5450  9
 5451  8
 5452  9
 5453  8
 5454  2
 5455  4
 5456  0
 5457  5
 5458  8
 5459  8
 5460  6
 5461  1
 5462  4
 5463  6
 5464  5
 5465  9
 5466  8
 5467  6
 5468  9
 5469  9
 5470  0
 5471  3
 5472  2
 5473  0
 5474  5
 5475  9
 5476  0
 5477  2
 5478  3
 5479  9
 5480  6
 5481  5
 5482  8
 5483  9
 5484  3
 5485  9
 5486  1
 5487  5
 5488  5
 5489  6
 5490  5
 5491  5
 5492  7
 5493  5
 5494  8
 5495  4
 5496  0
 5497  1
 5498  6
 5499  9
 5500  1
 5501  9
 5502  1
 5503  0
 5504  2
 5505  5
 5506  7
 5507  1
 5508  1
 5509  8
 5510  7
 5511  7
 5512  4
 5513  2
 5514  7
 5515  2
 5516  7
 5517  1
 5518  5
 5519  1
 5520  3
 5521  4
 5522  3
 5523  2
 5524  0
 5525  2
 5526  9
 5527  1
 5528  5
 5529  7
 5530  4
 5531  8
 5532  6
 5533  1
 5534  9
 5535  6
 5536  6
 5537  0
 5538  1
 5539  2
 5540  4
 5541  6
 5542  6
 5543  9
 5544  5
 5545  7
 5546  4
 5547  5
 5548  9
 5549  0
 5550  0
 5551  4
 5552  6
 5553  2
 5554  7
 5555  6
 5556  0
 5557  6
 5558  3
 5559  0
 5560  5
 5561  9
 5562  4
 5563  6
 5564  4
 5565  6
 5566  7
 5567  7
 5568  4
 5569  5
 5570  4
 5571  8
 5572  1
 5573  1
 5574  4
 5575  4
 5576  1
 5577  9
 5578  6
 5579  0
 5580  2
 5581  5
 5582  3
 5583  6
 5584  6
 5585  0
 5586  0
 5587  2
 5588  8
 5589  4
 5590  4
 5591  1
 5592  5
 5593  4
 5594  2
 5595  7
 5596  8
 5597  2
 5598  6
 5599  7
 5600  6
 5601  2
 5602  9
 5603  5
 5604  9
 5605  3
 5606  3
 5607  3
 5608  4
 5609  4
 5610  5
 5611  5
 5612  1
 5613  4
 5614  8
 5615  5
 5616  7
 5617  6
 5618  3
 5619  7
 5620  9
 5621  4
 5622  0
 5623  2
 5624  3
 5625  7
 5626  0
 5627  0
 5628  5
 5629  1
 5630  1
 5631  6
 5632  6
 5633  2
 5634  3
 5635  1
 5636  6
 5637  3
 5638  6
 5639  7
 5640  4
 5641  5
 5642  6
 5643  3
 5644  1
 5645  7
 5646  1
 5647  5
 5648  8
 5649  1
 5650  8
 5651  2
 5652  5
 5653  4
 5654  6
 5655  8
 5656  4
 5657  4
 5658  9
 5659  2
 5660  9
 5661  2
 5662  5
 5663  5
 5664  8
 5665  2
 5666  3
 5667  6
 5668  1
 5669  9
 5670  7
 5671  2
 5672  1
 5673  2
 5674  5
 5675  8
 5676  8
 5677  5
 5678  9
 5679  3
 5680  8
 5681  1
 5682  2
 5683  5
 5684  5
 5685  0
 5686  2
 5687  4
 5688  7
 5689  9
 5690  2
 5691  8
 5692  5
 5693  8
 5694  7
 5695  0
 5696  6
 5697  6
 5698  6
 5699  8
 5700  1
 5701  0
 5702  4
 5703  6
 5704  6
 5705  9
 5706  1
 5707  3
 5708  2
 5709  6
 5710  5
 5711  2
 5712  6
 5713  7
 5714  4
 5715  2
 5716  8
 5717  9
 5718  4
 5719  5
 5720  3
 5721  5
 5722  6
 5723  2
 5724  0
 5725  5
 5726  1
 5727  0
 5728  8
 5729  8
 5730  3
 5731  5
 5732  8
 5733  0
 5734  2
 5735  7
 5736  6
 5737  1
 5738  8
 5739  8
 5740  4
 5741  0
 5742  5
 5743  5
 5744  7
 5745  4
 5746  8
 5747  5
 5748  4
 5749  9
 5750  3
 5751  7
 5752  3
 5753  7
 5754  6
 5755  1
 5756  5
 5757  9
 5758  0
 5759  7
 5760  4
 5761  0
 5762  8
 5763  9
 5764  2
 5765  4
 5766  2
 5767  7
 5768  2
 5769  7
 5770  5
 5771  5
 5772  7
 5773  9
 5774  1
 5775  6
 5776  5
 5777  5
 5778  3
 5779  3
 5780  5
 5781  4
 5782  5
 5783  4
 5784  2
 5785  0
 5786  7
 5787  0
 5788  0
 5789  0
 5790  6
 5791  3
 5792  2
 5793  9
 5794  3
 5795  7
 5796  0
 5797  8
 5798  3
 5799  1
 5800  8
 5801  1
 5802  5
 5803  9
 5804  7
 5805  4
 5806  6
 5807  4
 5808  0
 5809  0
 5810  0
 5811  3
 5812  8
 5813  1
 5814  1
 5815  3
 5816  0
 5817  8
 5818  0
 5819  9
 5820  3
 5821  0
 5822  5
 5823  2
 5824  8
 5825  8
 5826  8
 5827  4
 5828  3
 5829  5
 5830  3
 5831  5
 5832  5
 5833  7
 5834  7
 5835  3
 5836  5
 5837  3
 5838  5
 5839  8
 5840  9
 5841  8
 5842  5
 5843  5
 5844  9
 5845  4
 5846  9
 5847  7
 5848  9
 5849  4
 5850  4
 5851  4
 5852  4
 5853  6
 5854  3
 5855  2
 5856  8
 5857  4
 5858  8
 5859  4
 5860  8
 5861  8
 5862  3
 5863  4
 5864  0
 5865  8
 5866  9
 5867  7
 5868  1
 5869  2
 5870  0
 5871  5
 5872  9
 5873  3
 5874  5
 5875  2
 5876  1
 5877  5
 5878  4
 5879  9
 5880  8
 5881  2
 5882  9
 5883  8
 5884  8
 5885  2
 5886  9
 5887  1
 5888  8
 5889  9
 5890  8
 5891  7
 5892  6
 5893  8
 5894  4
 5895  7
 5896  0
 5897  6
 5898  4
 5899  7
 5900  8
 5901  7
 5902  6
 5903  3
 5904  8
 5905  5
 5906  2
 5907  0
 5908  7
 5909  6
 5910  9
 5911  0
 5912  4
 5913  7
 5914  2
 5915  4
 5916  7
 5917  0
 5918  6
 5919  6
 5920  6
 5921  4
 5922  5
 5923  8
 5924  1
 5925  6
 5926  3
 5927  6
 5928  9
 5929  5
 5930  1
 5931  4
 5932  7
 5933  1
 5934  1
 5935  9
 5936  0
 5937  1
 5938  0
 5939  0
 5940  5
 5941  0
 5942  2
 5943  0
 5944  1
 5945  4
 5946  4
 5947  3
 5948  2
 5949  9
 5950  8
 5951  7
 5952  6
 5953  8
 5954  0
 5955  5
 5956  1
 5957  1
 5958  6
 5959  2
 5960  1
 5961  7
 5962  1
 5963  5
 5964  7
 5965  4
 5966  1
 5967  6
 5968  0
 5969  5
 5970  7
 5971  4
 5972  8
 5973  4
 5974  3
 5975  9
 5976  5
 5977  1
 5978  4
 5979  0
 5980  4
 5981  2
 5982  3
 5983  5
 5984  4
 5985  8
 5986  2
 5987  9
 5988  5
 5989  6
 5990  1
 5991  3
 5992  8
 5993  1
 5994  1
 5995  5
 5996  0
 5997  6
 5998  0
 5999  4
 6000  4
 6001  3
 6002  0
 6003  6
 6004  6
 6005  2
 6006  3
 6007  3
 6008  1
 6009  8
 6010  0
 6011  8
 6012  5
 6013  8
 6014  1
 6015  7
 6016  2
 6017  7
 6018  9
 6019  1
 6020  1
 6021  5
 6022  8
 6023  3
 6024  4
 6025  6
 6026  4
 6027  4
 6028  7
 6029  8
 6030  9
 6031  8
 6032  7
 6033  0
 6034  4
 6035  8
 6036  5
 6037  5
 6038  4
 6039  7
 6040  5
 6041  1
 6042  7
 6043  4
 6044  4
 6045  0
 6046  0
 6047  8
 6048  8
 6049  9
 6050  1
 6051  5
 6052  2
 6053  2
 6054  1
 6055  0
 6056  9
 6057  7
 6058  2
 6059  5
 6060  8
 6061  1
 6062  3
 6063  8
 6064  9
 6065  1
 6066  7
 6067  0
 6068  5
 6069  6
 6070  7
 6071  2
 6072  7
 6073  5
 6074  8
 6075  6
 6076  6
 6077  8
 6078  4
 6079  4
 6080  6
 6081  6
 6082  4
 6083  0
 6084  0
 6085  4
 6086  0
 6087  5
 6088  5
 6089  6
 6090  9
 6091  8
 6092  7
 6093  3
 6094  0
 6095  5
 6096  4
 6097  9
 6098  3
 6099  6
 6100  8
 6101  6
 6102  3
 6103  4
 6104  0
 6105  5
 6106  9
 6107  1
 6108  3
 6109  3
 6110  1
 6111  1
 6112  9
 6113  6
 6114  8
 6115  4
 6116  6
 6117  4
 6118  6
 6119  6
 6120  5
 6121  8
 6122  1
 6123  6
 6124  3
 6125  8
 6126  2
 6127  6
 6128  8
 6129  1
 6130  2
 6131  1
 6132  7
 6133  1
 6134  0
 6135  0
 6136  9
 6137  9
 6138  8
 6139  4
 6140  1
 6141  2
 6142  8
 6143  4
 6144  7
 6145  6
 6146  7
 6147  1
 6148  4
 6149  2
 6150  5
 6151  2
 6152  6
 6153  3
 6154  3
 6155  2
 6156  3
 6157  1
 6158  9
 6159  4
 6160  0
 6161  4
 6162  9
 6163  6
 6164  3
 6165  1
 6166  6
 6167  7
 6168  3
 6169  0
 6170  9
 6171  5
 6172  4
 6173  5
 6174  7
 6175  9
 6176  6
 6177  6
 6178  0
 6179  5
 6180  4
 6181  9
 6182  2
 6183  7
 6184  1
 6185  0
 6186  9
 6187  3
 6188  5
 6189  0
 6190  8
 6191  8
 6192  5
 6193  4
 6194  6
 6195  6
 6196  2
 6197  7
 6198  6
 6199  3
 6200  6
 6201  4
 6202  0
 6203  6
 6204  9
 6205  1
 6206  8
 6207  6
 6208  5
 6209  6
 6210  1
 6211  7
 6212  9
 6213  4
 6214  3
 6215  1
 6216  0
 6217  3
 6218  4
 6219  3
 6220  0
 6221  2
 6222  2
 6223  0
 6224  4
 6225  2
 6226  3
 6227  7
 6228  5
 6229  2
 6230  2
 6231  0
 6232  3
 6233  8
 6234  2
 6235  7
 6236  7
 6237  2
 6238  2
 6239  1
 6240  7
 6241  9
 6242  5
 6243  3
 6244  2
 6245  5
 6246  6
 6247  5
 6248  2
 6249  5
 6250  5
 6251  5
 6252  1
 6253  9
 6254  0
 6255  4
 6256  1
 6257  4
 6258  6
 6259  4
 6260  8
 6261  5
 6262  0
 6263  5
 6264  3
 6265  2
 6266  8
 6267  5
 6268  3
 6269  5
 6270  7
 6271  5
 6272  3
 6273  5
 6274  2
 6275  3
 6276  7
 6277  9
 6278  9
 6279  6
 6280  7
 6281  0
 6282  6
 6283  1
 6284  8
 6285  8
 6286  3
 6287  2
 6288  6
 6289  9
 6290  6
 6291  5
 6292  6
 6293  9
 6294  0
 6295  3
 6296  7
 6297  9
 6298  8
 6299  9
 6300  4
 6301  4
 6302  1
 6303  8
 6304  9
 6305  5
 6306  2
 6307  0
 6308  8
 6309  7
 6310  8
 6311  1
 6312  8
 6313  8
 6314  0
 6315  8
 6316  7
 6317  4
 6318  5
 6319  1
 6320  4
 6321  6
 6322  6
 6323  2
 6324  0
 6325  7
 6326  9
 6327  9
 6328  0
 6329  0
 6330  1
 6331  5
 6332  2
 6333  9
 6334  9
 6335  5
 6336  5
 6337  6
 6338  2
 6339  5
 6340  3
 6341  0
 6342  2
 6343  6
 6344  0
 6345  5
 6346  4
 6347  1
 6348  8
 6349  9
 6350  3
 6351  6
 6352  6
 6353  1
 6354  1
 6355  7
 6356  0
 6357  2
 6358  6
 6359  7
 6360  9
 6361  1
 6362  8
 6363  8
 6364  2
 6365  6
 6366  0
 6367  8
 6368  3
 6369  1
 6370  9
 6371  8
 6372  9
 6373  4
 6374  5
 6375  0
 6376  0
 6377  2
 6378  5
 6379  7
 6380  0
 6381  8
 6382  8
 6383  1
 6384  3
 6385  0
 6386  5
 6387  2
 6388  5
 6389  2
 6390  8
 6391  9
 6392  6
 6393  8
 6394  9
 6395  4
 6396  9
 6397  7
 6398  7
 6399  7
 6400  6
 6401  4
 6402  1
 6403  1
 6404  2
 6405  4
 6406  8
 6407  6
 6408  8
 6409  8
 6410  2
 6411  9
 6412  2
 6413  7
 6414  6
 6415  0
 6416  7
 6417  5
 6418  5
 6419  8
 6420  8
 6421  1
 6422  4
 6423  5
 6424  0
 6425  7
 6426  7
 6427  7
 6428  3
 6429  1
 6430  3
 6431  1
 6432  7
 6433  5
 6434  8
 6435  8
 6436  0
 6437  2
 6438  5
 6439  3
 6440  9
 6441  5
 6442  7
 6443  5
 6444  5
 6445  3
 6446  2
 6447  2
 6448  5
 6449  6
 6450  6
 6451  7
 6452  2
 6453  9
 6454  3
 6455  3
 6456  1
 6457  4
 6458  6
 6459  8
 6460  8
 6461  4
 6462  5
 6463  1
 6464  1
 6465  3
 6466  6
 6467  0
 6468  7
 6469  8
 6470  6
 6471  0
 6472  8
 6473  2
 6474  2
 6475  3
 6476  7
 6477  2
 6478  2
 6479  9
 6480  3
 6481  9
 6482  0
 6483  2
 6484  5
 6485  8
 6486  0
 6487  4
 6488  8
 6489  6
 6490  7
 6491  0
 6492  7
 6493  9
 6494  2
 6495  2
 6496  6
 6497  4
 6498  1
 6499  5
 6500  9
 6501  3
 6502  1
 6503  8
 6504  0
 6505  4
 6506  2
 6507  4
 6508  8
 6509  1
 6510  9
 6511  0
 6512  4
 6513  0
 6514  4
 6515  2
 6516  0
 6517  2
 6518  0
 6519  6
 6520  8
 6521  2
 6522  1
 6523  5
 6524  3
 6525  9
 6526  2
 6527  6
 6528  1
 6529  4
 6530  1
 6531  9
 6532  4
 6533  4
 6534  2
 6535  8
 6536  1
 6537  1
 6538  9
 6539  2
 6540  0
 6541  5
 6542  1
 6543  8
 6544  1
 6545  2
 6546  8
 6547  1
 6548  1
 6549  3
 6550  8
 6551  2
 6552  1
 6553  5
 6554  2
 6555  8
 6556  1
 6557  0
 6558  8
 6559  7
 6560  0
 6561  7
 6562  1
 6563  3
 6564  8
 6565  7
 6566  6
 6567  5
 6568  1
 6569  5
 6570  2
 6571  3
 6572  2
 6573  4
 6574  3
 6575  0
 6576  8
 6577  9
 6578  9
 6579  3
 6580  8
 6581  5
 6582  6
 6583  3
 6584  3
 6585  0
 6586  8
 6587  5
 6588  7
 6589  9
 6590  8
 6591  3
 6592  7
 6593  1
 6594  4
 6595  0
 6596  8
 6597  4
 6598  0
 6599  3
 6600  1
 6601  4
 6602  6
 6603  4
 6604  2
 6605  6
 6606  7
 6607  0
 6608  1
 6609  0
 6610  7
 6611  5
 6612  5
 6613  6
 6614  5
 6615  6
 6616  4
 6617  2
 6618  7
 6619  5
 6620  3
 6621  9
 6622  1
 6623  7
 6624  4
 6625  9
 6626  8
 6627  3
 6628  2
 6629  6
 6630  8
 6631  4
 6632  3
 6633  4
 6634  6
 6635  3
 6636  4
 6637  0
 6638  6
 6639  4
 6640  4
 6641  5
 6642  6
 6643  1
 6644  5
 6645  5
 6646  8
 6647  0
 6648  3
 6649  6
 6650  9
 6651  1
 6652  8
 6653  6
 6654  6
 6655  7
 6656  9
 6657  1
 6658  4
 6659  7
 6660  9
 6661  7
 6662  9
 6663  8
 6664  0
 6665  6
 6666  1
 6667  6
 6668  3
 6669  2
 6670  2
 6671  4
 6672  3
 6673  9
 6674  0
 6675  5
 6676  7
 6677  7
 6678  9
 6679  6
 6680  6
 6681  6
 6682  5
 6683  9
 6684  8
 6685  9
 6686  3
 6687  6
 6688  0
 6689  1
 6690  6
 6691  2
 6692  4
 6693  0
 6694  4
 6695  0
 6696  2
 6697  8
 6698  0
 6699  9
 6700  9
 6701  6
 6702  3
 6703  8
 6704  4
 6705  6
 6706  4
 6707  2
 6708  7
 6709  1
 6710  0
 6711  6
 6712  3
 6713  5
 6714  7
 6715  6
 6716  2
 6717  8
 6718  8
 6719  5
 6720  0
 6721  5
 6722  3
 6723  7
 6724  6
 6725  6
 6726  2
 6727  4
 6728  5
 6729  6
 6730  0
 6731  9
 6732  0
 6733  8
 6734  8
 6735  1
 6736  9
 6737  4
 6738  3
 6739  2
 6740  3
 6741  0
 6742  0
 6743  1
 6744  1
 6745  6
 6746  6
 6747  3
 6748  7
 6749  5
 6750  8
 6751  4
 6752  7
 6753  9
 6754  6
 6755  3
 6756  2
 6757  3
 6758  1
 6759  0
 6760  3
 6761  2
 6762  9
 6763  5
 6764  3
 6765  8
 6766  2
 6767  3
 6768  4
 6769  5
 6770  7
 6771  2
 6772  3
 6773  1
 6774  2
 6775  8
 6776  0
 6777  1
 6778  1
 6779  3
 6780  7
 6781  4
 6782  9
 6783  6
 6784  4
 6785  4
 6786  0
 6787  9
 6788  3
 6789  9
 6790  8
 6791  8
 6792  2
 6793  4
 6794  4
 6795  6
 6796  5
 6797  8
 6798  4
 6799  4
 6800  5
 6801  6
 6802  0
 6803  5
 6804  5
 6805  2
 6806  3
 6807  9
 6808  3
 6809  9
 6810  3
 6811  7
 6812  1
 6813  1
 6814  1
 6815  4
 6816  6
 6817  3
 6818  2
 6819  4
 6820  1
 6821  9
 6822  4
 6823  9
 6824  0
 6825  1
 6826  7
 6827  4
 6828  0
 6829  4
 6830  2
 6831  3
 6832  3
 6833  8
 6834  1
 6835  0
 6836  6
 6837  5
 6838  7
 6839  0
 6840  0
 6841  9
 6842  5
 6843  5
 6844  5
 6845  3
 6846  2
 6847  8
 6848  4
 6849  1
 6850  4
 6851  2
 6852  9
 6853  5
 6854  7
 6855  7
 6856  2
 6857  7
 6858  0
 6859  7
 6860  8
 6861  1
 6862  6
 6863  7
 6864  7
 6865  7
 6866  7
 6867  9
 6868  1
 6869  2
 6870  8
 6871  8
 6872  1
 6873  5
 6874  1
 6875  1
 6876  9
 6877  2
 6878  6
 6879  5
 6880  1
 6881  1
 6882  4
 6883  2
 6884  3
 6885  7
 6886  8
 6887  4
 6888  1
 6889  5
 6890  8
 6891  4
 6892  0
 6893  7
 6894  8
 6895  7
 6896  9
 6897  9
 6898  5
 6899  9
 6900  8
 6901  1
 6902  2
 6903  3
 6904  9
 6905  9
 6906  2
 6907  9
 6908  5
 6909  1
 6910  3
 6911  9
 6912  8
 6913  6
 6914  8
 6915  4
 6916  3
 6917  5
 6918  3
 6919  1
 6920  9
 6921  1
 6922  1
 6923  0
 6924  7
 6925  2
 6926  9
 6927  5
 6928  4
 6929  3
 6930  9
 6931  5
 6932  4
 6933  2
 6934  5
 6935  2
 6936  2
 6937  4
 6938  2
 6939  3
 6940  6
 6941  6
 6942  7
 6943  2
 6944  2
 6945  7
 6946  5
 6947  9
 6948  2
 6949  8
 6950  9
 6951  8
 6952  0
 6953  8
 6954  1
 6955  6
 6956  1
 6957  4
 6958  5
 6959  3
 6960  4
 6961  9
 6962  4
 6963  4
 6964  9
 6965  6
 6966  6
 6967  1
 6968  2
 6969  8
 6970  0
 6971  6
 6972  9
 6973  8
 6974  9
 6975  5
 6976  4
 6977  7
 6978  4
 6979  3
 6980  8
 6981  9
 6982  4
 6983  5
 6984  1
 6985  9
 6986  8
 6987  5
 6988  4
 6989  0
 6990  0
 6991  8
 6992  6
 6993  8
 6994  4
 6995  0
 6996  1
 6997  3
 6998  5
 6999  1
 7000  2
 7001  1
 7002  1
 7003  8
 7004  0
 7005  0
 7006  9
 7007  5
 7008  6
 7009  5
 7010  6
 7011  3
 7012  9
 7013  3
 7014  9
 7015  1
 7016  0
 7017  5
 7018  6
 7019  0
 7020  0
 7021  6
 7022  6
 7023  3
 7024  1
 7025  9
 7026  6
 7027  5
 7028  7
 7029  3
 7030  4
 7031  2
 7032  0
 7033  3
 7034  3
 7035  2
 7036  1
 7037  0
 7038  4
 7039  5
 7040  5
 7041  6
 7042  7
 7043  2
 7044  0
 7045  8
 7046  9
 7047  3
 7048  1
 7049  6
 7050  9
 7051  8
 7052  3
 7053  4
 7054  4
 7055  8
 7056  7
 7057  0
 7058  7
 7059  8
 7060  1
 7061  9
 7062  9
 7063  0
 7064  9
 7065  7
 7066  1
 7067  6
 7068  8
 7069  1
 7070  5
 7071  6
 7072  4
 7073  8
 7074  4
 7075  4
 7076  5
 7077  3
 7078  8
 7079  6
 7080  0
 7081  4
 7082  0
 7083  4
 7084  6
 7085  0
 7086  7
 7087  2
 7088  2
 7089  1
 7090  8
 7091  2
 7092  8
 7093  5
 7094  1
 7095  0
 7096  4
 7097  4
 7098  8
 7099  1
 7100  4
 7101  8
 7102  2
 7103  7
 7104  7
 7105  3
 7106  7
 7107  5
 7108  3
 7109  1
 7110  1
 7111  3
 7112  6
 7113  0
 7114  0
 7115  6
 7116  8
 7117  3
 7118  2
 7119  4
 7120  6
 7121  6
 7122  1
 7123  7
 7124  2
 7125  8
 7126  5
 7127  1
 7128  9
 7129  4
 7130  0
 7131  6
 7132  6
 7133  3
 7134  4
 7135  3
 7136  8
 7137  9
 7138  3
 7139  9
 7140  3
 7141  0
 7142  0
 7143  6
 7144  0
 7145  4
 7146  0
 7147  8
 7148  0
 7149  1
 7150  6
 7151  7
 7152  4
 7153  0
 7154  4
 7155  6
 7156  9
 7157  0
 7158  9
 7159  7
 7160  6
 7161  8
 7162  7
 7163  8
 7164  7
 7165  7
 7166  5
 7167  2
 7168  2
 7169  0
 7170  6
 7171  4
 7172  5
 7173  8
 7174  2
 7175  1
 7176  4
 7177  4
 7178  5
 7179  9
 7180  6
 7181  2
 7182  9
 7183  5
 7184  0
 7185  8
 7186  9
 7187  8
 7188  9
 7189  0
 7190  0
 7191  4
 7192  1
 7193  7
 7194  0
 7195  3
 7196  1
 7197  1
 7198  4
 7199  2
 7200  4
 7201  3
 7202  8
 7203  1
 7204  7
 7205  8
 7206  1
 7207  7
 7208  0
 7209  8
 7210  9
 7211  8
 7212  2
 7213  3
 7214  6
 7215  8
 7216  8
 7217  2
 7218  5
 7219  7
 7220  2
 7221  3
 7222  0
 7223  7
 7224  8
 7225  8
 7226  0
 7227  8
 7228  9
 7229  4
 7230  4
 7231  0
 7232  8
 7233  4
 7234  3
 7235  1
 7236  7
 7237  6
 7238  4
 7239  6
 7240  1
 7241  2
 7242  9
 7243  9
 7244  8
 7245  1
 7246  9
 7247  3
 7248  4
 7249  0
 7250  5
 7251  9
 7252  1
 7253  0
 7254  6
 7255  8
 7256  8
 7257  0
 7258  2
 7259  9
 7260  3
 7261  3
 7262  2
 7263  1
 7264  5
 7265  9
 7266  4
 7267  5
 7268  2
 7269  2
 7270  9
 7271  2
 7272  2
 7273  1
 7274  7
 7275  2
 7276  4
 7277  9
 7278  2
 7279  2
 7280  6
 7281  1
 7282  4
 7283  3
 7284  4
 7285  1
 7286  4
 7287  7
 7288  3
 7289  9
 7290  0
 7291  2
 7292  8
 7293  2
 7294  8
 7295  2
 7296  0
 7297  3
 7298  2
 7299  5
 7300  2
 7301  7
 7302  9
 7303  4
 7304  6
 7305  4
 7306  6
 7307  0
 7308  8
 7309  6
 7310  3
 7311  0
 7312  8
 7313  9
 7314  3
 7315  6
 7316  2
 7317  5
 7318  6
 7319  0
 7320  0
 7321  0
 7322  1
 7323  0
 7324  2
 7325  7
 7326  4
 7327  8
 7328  5
 7329  0
 7330  1
 7331  1
 7332  7
 7333  1
 7334  7
 7335  9
 7336  3
 7337  7
 7338  6
 7339  9
 7340  2
 7341  9
 7342  8
 7343  1
 7344  2
 7345  0
 7346  9
 7347  8
 7348  8
 7349  1
 7350  7
 7351  6
 7352  5
 7353  0
 7354  4
 7355  1
 7356  9
 7357  4
 7358  6
 7359  1
 7360  8
 7361  6
 7362  6
 7363  9
 7364  4
 7365  7
 7366  1
 7367  3
 7368  2
 7369  8
 7370  6
 7371  9
 7372  2
 7373  3
 7374  1
 7375  2
 7376  4
 7377  2
 7378  2
 7379  1
 7380  0
 7381  2
 7382  7
 7383  5
 7384  6
 7385  6
 7386  5
 7387  9
 7388  5
 7389  0
 7390  6
 7391  5
 7392  6
 7393  3
 7394  8
 7395  3
 7396  5
 7397  8
 7398  2
 7399  2
 7400  7
 7401  5
 7402  0
 7403  7
 7404  6
 7405  9
 7406  7
 7407  8
 7408  2
 7409  8
 7410  2
 7411  0
 7412  3
 7413  6
 7414  9
 7415  2
 7416  2
 7417  2
 7418  2
 7419  5
 7420  7
 7421  2
 7422  2
 7423  5
 7424  5
 7425  3
 7426  9
 7427  5
 7428  7
 7429  3
 7430  1
 7431  6
 7432  5
 7433  5
 7434  5
 7435  5
 7436  2
 7437  9
 7438  4
 7439  9
 7440  6
 7441  5
 7442  6
 7443  3
 7444  1
 7445  8
 7446  6
 7447  8
 7448  3
 7449  0
 7450  5
 7451  2
 7452  1
 7453  4
 7454  0
 7455  0
 7456  8
 7457  2
 7458  1
 7459  5
 7460  6
 7461  5
 7462  2
 7463  1
 7464  7
 7465  3
 7466  7
 7467  3
 7468  0
 7469  1
 7470  8
 7471  7
 7472  2
 7473  3
 7474  5
 7475  9
 7476  1
 7477  8
 7478  3
 7479  1
 7480  4
 7481  2
 7482  5
 7483  2
 7484  6
 7485  3
 7486  4
 7487  6
 7488  3
 7489  2
 7490  3
 7491  9
 7492  2
 7493  4
 7494  9
 7495  9
 7496  3
 7497  0
 7498  6
 7499  5
 7500  2
 7501  8
 7502  5
 7503  1
 7504  9
 7505  2
 7506  4
 7507  2
 7508  1
 7509  9
 7510  9
 7511  2
 7512  5
 7513  3
 7514  4
 7515  5
 7516  5
 7517  0
 7518  0
 7519  7
 7520  7
 7521  6
 7522  3
 7523  6
 7524  6
 7525  4
 7526  1
 7527  0
 7528  7
 7529  9
 7530  4
 7531  7
 7532  1
 7533  4
 7534  2
 7535  3
 7536  5
 7537  2
 7538  5
 7539  1
 7540  0
 7541  3
 7542  1
 7543  6
 7544  7
 7545  7
 7546  0
 7547  4
 7548  3
 7549  1
 7550  5
 7551  6
 7552  7
 7553  1
 7554  2
 7555  4
 7556  6
 7557  9
 7558  4
 7559  3
 7560  8
 7561  6
 7562  6
 7563  3
 7564  6
 7565  1
 7566  3
 7567  0
 7568  6
 7569  0
 7570  5
 7571  2
 7572  1
 7573  2
 7574  0
 7575  1
 7576  7
 7577  2
 7578  4
 7579  5
 7580  7
 7581  7
 7582  7
 7583  1
 7584  5
 7585  4
 7586  1
 7587  3
 7588  8
 7589  7
 7590  9
 7591  9
 7592  2
 7593  0
 7594  8
 7595  3
 7596  8
 7597  2
 7598  6
 7599  0
 7600  4
 7601  9
 7602  7
 7603  0
 7604  7
 7605  2
 7606  6
 7607  0
 7608  4
 7609  6
 7610  4
 7611  8
 7612  3
 7613  4
 7614  7
 7615  1
 7616  1
 7617  7
 7618  0
 7619  8
 7620  0
 7621  2
 7622  2
 7623  1
 7624  5
 7625  6
 7626  1
 7627  1
 7628  1
 7629  1
 7630  5
 7631  5
 7632  5
 7633  6
 7634  7
 7635  6
 7636  5
 7637  6
 7638  8
 7639  2
 7640  7
 7641  1
 7642  0
 7643  1
 7644  7
 7645  4
 7646  2
 7647  1
 7648  1
 7649  7
 7650  6
 7651  0
 7652  7
 7653  8
 7654  8
 7655  2
 7656  0
 7657  7
 7658  1
 7659  3
 7660  4
 7661  8
 7662  7
 7663  3
 7664  3
 7665  0
 7666  4
 7667  6
 7668  3
 7669  0
 7670  7
 7671  3
 7672  3
 7673  4
 7674  6
 7675  1
 7676  7
 7677  4
 7678  0
 7679  6
 7680  1
 7681  7
 7682  7
 7683  0
 7684  7
 7685  8
 7686  1
 7687  1
 7688  7
 7689  1
 7690  4
 7691  5
 7692  2
 7693  7
 7694  8
 7695  9
 7696  3
 7697  0
 7698  8
 7699  8
 7700  1
 7701  6
 7702  9
 7703  1
 7704  8
 7705  1
 7706  8
 7707  6
 7708  8
 7709  3
 7710  7
 7711  2
 7712  0
 7713  8
 7714  9
 7715  9
 7716  4
 7717  8
 7718  1
 7719  6
 7720  2
 7721  0
 7722  9
 7723  9
 7724  6
 7725  7
 7726  6
 7727  9
 7728  5
 7729  1
 7730  3
 7731  9
 7732  8
 7733  5
 7734  2
 7735  8
 7736  2
 7737  4
 7738  4
 7739  4
 7740  9
 7741  0
 7742  6
 7743  6
 7744  3
 7745  3
 7746  9
 7747  3
 7748  8
 7749  9
 7750  8
 7751  2
 7752  9
 7753  3
 7754  4
 7755  4
 7756  2
 7757  1
 7758  2
 7759  9
 7760  1
 7761  1
 7762  1
 7763  3
 7764  3
 7765  4
 7766  4
 7767  3
 7768  0
 7769  6
 7770  5
 7771  2
 7772  2
 7773  6
 7774  5
 7775  8
 7776  8
 7777  4
 7778  3
 7779  4
 7780  6
 7781  2
 7782  1
 7783  7
 7784  9
 7785  4
 7786  1
 7787  4
 7788  2
 7789  2
 7790  5
 7791  0
 7792  5
 7793  5
 7794  7
 7795  8
 7796  1
 7797  1
 7798  6
 7799  0
 7800  1
 7801  2
 7802  2
 7803  8
 7804  1
 7805  0
 7806  2
 7807  0
 7808  5
 7809  5
 7810  1
 7811  4
 7812  1
 7813  4
 7814  8
 7815  9
 7816  4
 7817  1
 7818  0
 7819  8
 7820  3
 7821  5
 7822  6
 7823  3
 7824  1
 7825  6
 7826  0
 7827  6
 7828  3
 7829  0
 7830  6
 7831  2
 7832  5
 7833  4
 7834  6
 7835  3
 7836  1
 7837  1
 7838  4
 7839  9
 7840  6
 7841  8
 7842  5
 7843  2
 7844  0
 7845  7
 7846  0
 7847  0
 7848  5
 7849  7
 7850  6
 7851  7
 7852  4
 7853  9
 7854  4
 7855  5
 7856  1
 7857  8
 7858  0
 7859  0
 7860  2
 7861  4
 7862  4
 7863  5
 7864  1
 7865  7
 7866  0
 7867  8
 7868  2
 7869  6
 7870  7
 7871  7
 7872  2
 7873  7
 7874  8
 7875  3
 7876  5
 7877  6
 7878  1
 7879  4
 7880  2
 7881  1
 7882  1
 7883  6
 7884  0
 7885  8
 7886  6
 7887  4
 7888  9
 7889  9
 7890  7
 7891  8
 7892  2
 7893  7
 7894  5
 7895  3
 7896  6
 7897  7
 7898  3
 7899  6
 7900  8
 7901  5
 7902  8
 7903  3
 7904  9
 7905  9
 7906  0
 7907  5
 7908  6
 7909  1
 7910  1
 7911  1
 7912  8
 7913  9
 7914  7
 7915  0
 7916  4
 7917  7
 7918  9
 7919  8
 7920  4
 7921  8
 7922  9
 7923  9
 7924  6
 7925  8
 7926  1
 7927  8
 7928  5
 7929  7
 7930  9
 7931  4
 7932  7
 7933  4
 7934  5
 7935  6
 7936  8
 7937  8
 7938  2
 7939  6
 7940  7
 7941  0
 7942  8
 7943  6
 7944  3
 7945  6
 7946  5
 7947  2
 7948  2
 7949  1
 7950  8
 7951  8
 7952  5
 7953  3
 7954  2
 7955  1
 7956  5
 7957  6
 7958  9
 7959  1
 7960  2
 7961  0
 7962  3
 7963  8
 7964  0
 7965  8
 7966  7
 7967  2
 7968  6
 7969  1
 7970  8
 7971  2
 7972  7
 7973  8
 7974  2
 7975  9
 7976  6
 7977  7
 7978  7
 7979  2
 7980  6
 7981  6
 7982  2
 7983  1
 7984  3
 7985  5
 7986  2
 7987  1
 7988  3
 7989  8
 7990  8
 7991  8
 7992  1
 7993  4
 7994  2
 7995  0
 7996  3
 7997  4
 7998  3
 7999  5
 8000  8
 8001  7
 8002  3
 8003  9
 8004  2
 8005  5
 8006  3
 8007  2
 8008  7
 8009  2
 8010  1
 8011  2
 8012  5
 8013  9
 8014  5
 8015  0
 8016  3
 8017  5
 8018  9
 8019  3
 8020  8
 8021  4
 8022  5
 8023  5
 8024  5
 8025  1
 8026  6
 8027  0
 8028  3
 8029  8
 8030  9
 8031  5
 8032  6
 8033  2
 8034  7
 8035  8
 8036  8
 8037  5
 8038  3
 8039  4
 8040  7
 8041  2
 8042  5
 8043  3
 8044  5
 8045  0
 8046  9
 8047  5
 8048  7
 8049  6
 8050  4
 8051  1
 8052  7
 8053  8
 8054  5
 8055  6
 8056  9
 8057  0
 8058  6
 8059  4
 8060  0
 8061  1
 8062  9
 8063  2
 8064  0
 8065  5
 8066  0
 8067  9
 8068  5
 8069  7
 8070  3
 8071  0
 8072  9
 8073  3
 8074  5
 8075  8
 8076  5
 8077  5
 8078  5
 8079  3
 8080  7
 8081  1
 8082  6
 8083  1
 8084  8
 8085  9
 8086  2
 8087  1
 8088  5
 8089  2
 8090  7
 8091  5
 8092  7
 8093  6
 8094  5
 8095  0
 8096  6
 8097  8
 8098  7
 8099  2
 8100  4
 8101  2
 8102  1
 8103  8
 8104  8
 8105  8
 8106  7
 8107  0
 8108  9
 8109  4
 8110  2
 8111  3
 8112  1
 8113  2
 8114  8
 8115  1
 8116  0
 8117  7
 8118  0
 8119  5
 8120  3
 8121  0
 8122  8
 8123  6
 8124  0
 8125  7
 8126  3
 8127  6
 8128  6
 8129  5
 8130  1
 8131  8
 8132  5
 8133  4
 8134  1
 8135  1
 8136  0
 8137  8
 8138  4
 8139  5
 8140  9
 8141  5
 8142  0
 8143  6
 8144  7
 8145  6
 8146  3
 8147  2
 8148  2
 8149  7
 8150  1
 8151  7
 8152  5
 8153  6
 8154  7
 8155  5
 8156  5
 8157  3
 8158  1
 8159  4
 8160  3
 8161  6
 8162  7
 8163  2
 8164  6
 8165  6
 8166  4
 8167  9
 8168  9
 8169  4
 8170  0
 8171  1
 8172  3
 8173  9
 8174  0
 8175  7
 8176  8
 8177  9
 8178  2
 8179  5
 8180  0
 8181  8
 8182  3
 8183  1
 8184  3
 8185  6
 8186  3
 8187  8
 8188  1
 8189  1
 8190  5
 8191  5
 8192  7
 8193  3
 8194  1
 8195  5
 8196  5
 8197  8
 8198  8
 8199  3
 8200  0
 8201  9
 8202  6
 8203  1
 8204  5
 8205  4
 8206  9
 8207  8
 8208  8
 8209  5
 8210  4
 8211  9
 8212  4
 8213  5
 8214  6
 8215  4
 8216  8
 8217  9
 8218  9
 8219  1
 8220  5
 8221  9
 8222  9
 8223  5
 8224  1
 8225  9
 8226  7
 8227  2
 8228  5
 8229  2
 8230  5
 8231  9
 8232  1
 8233  8
 8234  7
 8235  1
 8236  9
 8237  7
 8238  9
 8239  7
 8240  2
 8241  2
 8242  9
 8243  8
 8244  0
 8245  3
 8246  4
 8247  5
 8248  0
 8249  3
 8250  1
 8251  8
 8252  4
 8253  9
 8254  1
 8255  7
 8256  3
 8257  1
 8258  0
 8259  9
 8260  0
 8261  8
 8262  0
 8263  7
 8264  7
 8265  7
 8266  4
 8267  5
 8268  1
 8269  0
 8270  2
 8271  6
 8272  8
 8273  8
 8274  1
 8275  4
 8276  0
 8277  9
 8278  1
 8279  7
 8280  9
 8281  7
 8282  1
 8283  4
 8284  3
 8285  8
 8286  1
 8287  4
 8288  8
 8289  4
 8290  0
 8291  7
 8292  5
 8293  1
 8294  2
 8295  3
 8296  2
 8297  1
 8298  5
 8299  0
 8300  2
 8301  9
 8302  0
 8303  2
 8304  5
 8305  8
 8306  8
 8307  3
 8308  9
 8309  2
 8310  9
 8311  7
 8312  9
 8313  9
 8314  9
 8315  4
 8316  9
 8317  3
 8318  2
 8319  8
 8320  9
 8321  3
 8322  8
 8323  4
 8324  3
 8325  5
 8326  2
 8327  8
 8328  2
 8329  8
 8330  6
 8331  2
 8332  6
 8333  4
 8334  3
 8335  2
 8336  9
 8337  7
 8338  8
 8339  3
 8340  8
 8341  6
 8342  4
 8343  7
 8344  0
 8345  4
 8346  0
 8347  3
 8348  1
 8349  1
 8350  8
 8351  4
 8352  7
 8353  8
 8354  9
 8355  3
 8356  5
 8357  1
 8358  9
 8359  9
 8360  3
 8361  0
 8362  0
 8363  2
 8364  9
 8365  1
 8366  3
 8367  9
 8368  7
 8369  5
 8370  1
 8371  6
 8372  4
 8373  8
 8374  5
 8375  9
 8376  9
 8377  3
 8378  1
 8379  8
 8380  2
 8381  1
 8382  1
 8383  7
 8384  5
 8385  2
 8386  9
 8387  5
 8388  3
 8389  4
 8390  7
 8391  2
 8392  0
 8393  8
 8394  8
 8395  1
 8396  6
 8397  3
 8398  5
 8399  7
 8400  5
 8401  9
 8402  8
 8403  8
 8404  4
 8405  9
 8406  3
 8407  4
 8408  3
 8409  4
 8410  5
 8411  6
 8412  8
 8413  5
 8414  4
 8415  1
 8416  0
 8417  8
 8418  0
 8419  4
 8420  7
 8421  7
 8422  6
 8423  2
 8424  1
 8425  5
 8426  3
 8427  9
 8428  4
 8429  9
 8430  3
 8431  1
 8432  8
 8433  7
 8434  4
 8435  5
 8436  2
 8437  1
 8438  8
 8439  5
 8440  9
 8441  4
 8442  4
 8443  4
 8444  8
 8445  7
 8446  1
 8447  4
 8448  1
 8449  9
 8450  6
 8451  9
 8452  7
 8453  0
 8454  7
 8455  8
 8456  8
 8457  4
 8458  2
 8459  4
 8460  0
 8461  5
 8462  5
 8463  0
 8464  7
 8465  1
 8466  0
 8467  5
 8468  1
 8469  4
 8470  3
 8471  4
 8472  1
 8473  0
 8474  1
 8475  6
 8476  3
 8477  9
 8478  1
 8479  2
 8480  3
 8481  1
 8482  0
 8483  4
 8484  6
 8485  5
 8486  2
 8487  7
 8488  3
 8489  3
 8490  0
 8491  0
 8492  3
 8493  6
 8494  4
 8495  0
 8496  4
 8497  6
 8498  7
 8499  2
 8500  8
 8501  1
 8502  0
 8503  9
 8504  0
 8505  3
 8506  0
 8507  9
 8508  4
 8509  4
 8510  7
 8511  5
 8512  7
 8513  7
 8514  8
 8515  6
 8516  7
 8517  1
 8518  2
 8519  1
 8520  6
 8521  0
 8522  2
 8523  7
 8524  9
 8525  3
 8526  9
 8527  6
 8528  5
 8529  4
 8530  0
 8531  8
 8532  1
 8533  0
 8534  4
 8535  9
 8536  5
 8537  4
 8538  1
 8539  6
 8540  6
 8541  9
 8542  7
 8543  2
 8544  0
 8545  9
 8546  4
 8547  8
 8548  0
 8549  6
 8550  8
 8551  6
 8552  1
 8553  7
 8554  7
 8555  0
 8556  6
 8557  7
 8558  3
 8559  3
 8560  7
 8561  4
 8562  5
 8563  7
 8564  5
 8565  5
 8566  0
 8567  9
 8568  9
 8569  7
 8570  6
 8571  6
 8572  2
 8573  8
 8574  5
 8575  7
 8576  4
 8577  5
 8578  3
 8579  3
 8580  4
 8581  1
 8582  6
 8583  8
 8584  1
 8585  1
 8586  5
 8587  8
 8588  5
 8589  6
 8590  9
 8591  0
 8592  6
 8593  6
 8594  0
 8595  8
 8596  9
 8597  1
 8598  4
 8599  7
 8600  5
 8601  8
 8602  2
 8603  7
 8604  3
 8605  9
 8606  5
 8607  7
 8608  4
 8609  0
 8610  8
 8611  5
 8612  0
 8613  3
 8614  7
 8615  6
 8616  0
 8617  0
 8618  4
 8619  6
 8620  9
 8621  4
 8622  7
 8623  7
 8624  3
 8625  1
 8626  8
 8627  2
 8628  0
 8629  1
 8630  3
 8631  4
 8632  5
 8633  5
 8634  7
 8635  0
 8636  2
 8637  0
 8638  6
 8639  2
 8640  4
 8641  6
 8642  7
 8643  1
 8644  5
 8645  1
 8646  9
 8647  1
 8648  6
 8649  4
 8650  0
 8651  9
 8652  4
 8653  4
 8654  6
 8655  6
 8656  3
 8657  5
 8658  1
 8659  7
 8660  0
 8661  9
 8662  5
 8663  4
 8664  1
 8665  9
 8666  8
 8667  7
 8668  0
 8669  0
 8670  6
 8671  6
 8672  4
 8673  8
 8674  6
 8675  8
 8676  2
 8677  0
 8678  2
 8679  2
 8680  8
 8681  6
 8682  3
 8683  7
 8684  5
 8685  0
 8686  0
 8687  3
 8688  1
 8689  3
 8690  3
 8691  5
 8692  9
 8693  2
 8694  8
 8695  2
 8696  2
 8697  0
 8698  2
 8699  3
 8700  0
 8701  9
 8702  2
 8703  1
 8704  8
 8705  8
 8706  3
 8707  5
 8708  5
 8709  2
 8710  3
 8711  5
 8712  0
 8713  7
 8714  1
 8715  5
 8716  7
 8717  4
 8718  9
 8719  9
 8720  9
 8721  5
 8722  0
 8723  7
 8724  6
 8725  8
 8726  7
 8727  5
 8728  7
 8729  9
 8730  4
 8731  3
 8732  4
 8733  4
 8734  3
 8735  9
 8736  4
 8737  8
 8738  7
 8739  2
 8740  5
 8741  1
 8742  6
 8743  0
 8744  3
 8745  6
 8746  3
 8747  1
 8748  0
 8749  0
 8750  4
 8751  5
 8752  9
 8753  2
 8754  7
 8755  7
 8756  7
 8757  7
 8758  4
 8759  7
 8760  3
 8761  8
 8762  1
 8763  8
 8764  3
 8765  7
 8766  2
 8767  7
 8768  1
 8769  8
 8770  3
 8771  0
 8772  1
 8773  4
 8774  0
 8775  1
 8776  8
 8777  2
 8778  5
 8779  3
 8780  1
 8781  1
 8782  1
 8783  3
 8784  6
 8785  7
 8786  5
 8787  6
 8788  0
 8789  3
 8790  2
 8791  1
 8792  4
 8793  0
 8794  0
 8795  3
 8796  2
 8797  5
 8798  6
 8799  2
 8800  7
 8801  8
 8802  9
 8803  8
 8804  1
 8805  3
 8806  0
 8807  1
 8808  8
 8809  7
 8810  6
 8811  2
 8812  6
 8813  7
 8814  6
 8815  2
 8816  3
 8817  5
 8818  7
 8819  4
 8820  5
 8821  4
 8822  7
 8823  8
 8824  6
 8825  9
 8826  7
 8827  6
 8828  1
 8829  3
 8830  4
 8831  4
 8832  5
 8833  8
 8834  3
 8835  6
 8836  5
 8837  3
 8838  9
 8839  8
 8840  6
 8841  5
 8842  9
 8843  3
 8844  2
 8845  6
 8846  3
 8847  3
 8848  7
 8849  7
 8850  9
 8851  9
 8852  1
 8853  9
 8854  6
 8855  7
 8856  2
 8857  7
 8858  4
 8859  0
 8860  2
 8861  8
 8862  2
 8863  6
 8864  6
 8865  7
 8866  0
 8867  7
 8868  3
 8869  3
 8870  6
 8871  6
 8872  4
 8873  8
 8874  8
 8875  2
 8876  0
 8877  3
 8878  1
 8879  2
 8880  4
 8881  3
 8882  4
 8883  5
 8884  4
 8885  8
 8886  4
 8887  8
 8888  0
 8889  3
 8890  5
 8891  6
 8892  2
 8893  3
 8894  6
 8895  8
 8896  4
 8897  6
 8898  3
 8899  8
 8900  5
 8901  4
 8902  4
 8903  5
 8904  5
 8905  4
 8906  8
 8907  8
 8908  5
 8909  3
 8910  7
 8911  2
 8912  9
 8913  4
 8914  9
 8915  5
 8916  9
 8917  2
 8918  7
 8919  4
 8920  2
 8921  6
 8922  5
 8923  1
 8924  6
 8925  4
 8926  3
 8927  2
 8928  9
 8929  1
 8930  7
 8931  8
 8932  2
 8933  0
 8934  3
 8935  6
 8936  1
 8937  3
 8938  6
 8939  3
 8940  2
 8941  0
 8942  7
 8943  9
 8944  8
 8945  0
 8946  1
 8947  3
 8948  5
 8949  8
 8950  3
 8951  5
 8952  4
 8953  4
 8954  8
 8955  2
 8956  7
 8957  8
 8958  0
 8959  8
 8960  4
 8961  7
 8962  3
 8963  1
 8964  7
 8965  8
 8966  5
 8967  0
 8968  8
 8969  1
 8970  4
 8971  8
 8972  9
 8973  5
 8974  5
 8975  4
 8976  0
 8977  9
 8978  6
 8979  9
 8980  3
 8981  4
 8982  9
 8983  4
 8984  0
 8985  8
 8986  7
 8987  4
 8988  4
 8989  1
 8990  0
 8991  0
 8992  6
 8993  3
 8994  0
 8995  8
 8996  3
 8997  7
 8998  2
 8999  0
 9000  7
 9001  5
 9002  4
 9003  0
 9004  9
 9005  5
 9006  3
 9007  3
 9008  2
 9009  1
 9010  7
 9011  8
 9012  2
 9013  0
 9014  4
 9015  3
 9016  9
 9017  3
 9018  0
 9019  1
 9020  4
 9021  8
 9022  3
 9023  4
 9024  4
 9025  0
 9026  7
 9027  5
 9028  3
 9029  9
 9030  9
 9031  1
 9032  9
 9033  4
 9034  9
 9035  7
 9036  2
 9037  6
 9038  5
 9039  8
 9040  8
 9041  2
 9042  5
 9043  5
 9044  3
 9045  5
 9046  2
 9047  6
 9048  0
 9049  5
 9050  8
 9051  6
 9052  1
 9053  2
 9054  9
 9055  0
 9056  8
 9057  4
 9058  8
 9059  8
 9060  1
 9061  3
 9062  8
 9063  9
 9064  7
 9065  6
 9066  1
 9067  7
 9068  8
 9069  5
 9070  9
 9071  0
 9072  8
 9073  5
 9074  8
 9075  8
 9076  0
 9077  8
 9078  4
 9079  5
 9080  0
 9081  8
 9082  8
 9083  4
 9084  4
 9085  6
 9086  4
 9087  9
 9088  3
 9089  4
 9090  0
 9091  2
 9092  6
 9093  3
 9094  6
 9095  2
 9096  5
 9097  2
 9098  5
 9099  6
 9100  3
 9101  5
 9102  4
 9103  5
 9104  5
 9105  2
 9106  8
 9107  7
 9108  9
 9109  9
 9110  8
 9111  8
 9112  1
 9113  1
 9114  4
 9115  9
 9116  3
 9117  3
 9118  9
 9119  9
 9120  6
 9121  4
 9122  0
 9123  7
 9124  3
 9125  6
 9126  8
 9127  0
 9128  5
 9129  6
 9130  5
 9131  4
 9132  6
 9133  5
 9134  1
 9135  9
 9136  7
 9137  6
 9138  9
 9139  4
 9140  5
 9141  7
 9142  2
 9143  7
 9144  4
 9145  4
 9146  6
 9147  0
 9148  1
 9149  2
 9150  8
 9151  2
 9152  8
 9153  3
 9154  6
 9155  4
 9156  2
 9157  4
 9158  1
 9159  8
 9160  6
 9161  6
 9162  0
 9163  4
 9164  2
 9165  2
 9166  3
 9167  3
 9168  2
 9169  8
 9170  7
 9171  8
 9172  1
 9173  8
 9174  9
 9175  9
 9176  8
 9177  5
 9178  3
 9179  8
 9180  3
 9181  6
 9182  7
 9183  9
 9184  9
 9185  3
 9186  9
 9187  3
 9188  4
 9189  1
 9190  5
 9191  8
 9192  6
 9193  4
 9194  5
 9195  1
 9196  9
 9197  4
 9198  4
 9199  4
 9200  0
 9201  3
 9202  5
 9203  8
 9204  6
 9205  9
 9206  0
 9207  1
 9208  3
 9209  7
 9210  6
 9211  7
 9212  2
 9213  7
 9214  3
 9215  5
 9216  7
 9217  1
 9218  3
 9219  1
 9220  0
 9221  2
 9222  7
 9223  8
 9224  2
 9225  2
 9226  8
 9227  8
 9228  8
 9229  7
 9230  7
 9231  2
 9232  5
 9233  1
 9234  5
 9235  8
 9236  8
 9237  2
 9238  7
 9239  0
 9240  3
 9241  5
 9242  2
 9243  9
 9244  2
 9245  6
 9246  4
 9247  9
 9248  8
 9249  0
 9250  4
 9251  3
 9252  0
 9253  1
 9254  8
 9255  9
 9256  5
 9257  6
 9258  0
 9259  9
 9260  6
 9261  4
 9262  6
 9263  3
 9264  1
 9265  6
 9266  3
 9267  9
 9268  1
 9269  1
 9270  8
 9271  4
 9272  9
 9273  6
 9274  6
 9275  0
 9276  7
 9277  7
 9278  5
 9279  0
 9280  8
 9281  1
 9282  7
 9283  9
 9284  1
 9285  7
 9286  7
 9287  7
 9288  2
 9289  6
 9290  5
 9291  6
 9292  9
 9293  9
 9294  8
 9295  7
 9296  5
 9297  0
 9298  6
 9299  7
 9300  9
 9301  4
 9302  2
 9303  3
 9304  3
 9305  1
 9306  3
 9307  3
 9308  9
 9309  1
 9310  0
 9311  2
 9312  0
 9313  6
 9314  2
 9315  6
 9316  7
 9317  4
 9318  0
 9319  5
 9320  8
 9321  2
 9322  0
 9323  2
 9324  4
 9325  6
 9326  4
 9327  1
 9328  5
 9329  4
 9330  0
 9331  7
 9332  3
 9333  5
 9334  7
 9335  5
 9336  1
 9337  0
 9338  6
 9339  8
 9340  6
 9341  1
 9342  4
 9343  7
 9344  2
 9345  8
 9346  5
 9347  6
 9348  0
 9349  0
 9350  2
 9351  2
 9352  8
 9353  9
 9354  3
 9355  4
 9356  6
 9357  6
 9358  3
 9359  1
 9360  8
 9361  8
 9362  0
 9363  0
 9364  4
 9365  7
 9366  7
 9367  9
 9368  8
 9369  0
 9370  8
 9371  3
 9372  2
 9373  8
 9374  8
 9375  9
 9376  1
 9377  4
 9378  7
 9379  0
 9380  1
 9381  9
 9382  9
 9383  8
 9384  2
 9385  5
 9386  1
 9387  9
 9388  3
 9389  7
 9390  6
 9391  9
 9392  4
 9393  2
 9394  8
 9395  4
 9396  6
 9397  8
 9398  5
 9399  4
 9400  9
 9401  1
 9402  7
 9403  5
 9404  4
 9405  6
 9406  8
 9407  0
 9408  1
 9409  4
 9410  9
 9411  3
 9412  9
 9413  4
 9414  9
 9415  0
 9416  1
 9417  9
 9418  7
 9419  9
 9420  4
 9421  1
 9422  8
 9423  0
 9424  0
 9425  8
 9426  1
 9427  8
 9428  8
 9429  4
 9430  2
 9431  2
 9432  6
 9433  5
 9434  4
 9435  6
 9436  9
 9437  8
 9438  7
 9439  7
 9440  4
 9441  5
 9442  7
 9443  0
 9444  8
 9445  4
 9446  3
 9447  3
 9448  3
 9449  4
 9450  6
 9451  3
 9452  7
 9453  5
 9454  7
 9455  0
 9456  3
 9457  5
 9458  5
 9459  2
 9460  4
 9461  1
 9462  1
 9463  2
 9464  0
 9465  3
 9466  5
 9467  8
 9468  5
 9469  0
 9470  4
 9471  1
 9472  2
 9473  8
 9474  3
 9475  3
 9476  7
 9477  4
 9478  5
 9479  6
 9480  2
 9481  6
 9482  4
 9483  0
 9484  7
 9485  8
 9486  5
 9487  1
 9488  1
 9489  6
 9490  3
 9491  0
 9492  7
 9493  0
 9494  9
 9495  6
 9496  5
 9497  4
 9498  4
 9499  9
 9500  4
 9501  9
 9502  4
 9503  2
 9504  8
 9505  6
 9506  2
 9507  8
 9508  6
 9509  4
 9510  9
 9511  9
 9512  6
 9513  6
 9514  4
 9515  0
 9516  0
 9517  6
 9518  6
 9519  0
 9520  4
 9521  4
 9522  7
 9523  1
 9524  7
 9525  3
 9526  3
 9527  1
 9528  8
 9529  0
 9530  6
 9531  4
 9532  6
 9533  5
 9534  4
 9535  7
 9536  3
 9537  3
 9538  0
 9539  5
 9540  4
 9541  7
 9542  0
 9543  9
 9544  4
 9545  2
 9546  1
 9547  3
 9548  7
 9549  7
 9550  1
 9551  2
 9552  6
 9553  8
 9554  8
 9555  1
 9556  3
 9557  8
 9558  6
 9559  1
 9560  6
 9561  4
 9562  2
 9563  6
 9564  5
 9565  5
 9566  5
 9567  1
 9568  5
 9569  1
 9570  5
 9571  8
 9572  8
 9573  6
 9574  7
 9575  5
 9576  3
 9577  0
 9578  1
 9579  7
 9580  8
 9581  4
 9582  9
 9583  2
 9584  2
 9585  5
 9586  8
 9587  4
 9588  1
 9589  4
 9590  9
 9591  4
 9592  6
 9593  8
 9594  5
 9595  1
 9596  4
 9597  7
 9598  6
 9599  9
 9600  2
 9601  9
 9602  2
 9603  5
 9604  9
 9605  0
 9606  5
 9607  2
 9608  4
 9609  1
 9610  2
 9611  8
 9612  6
 9613  9
 9614  0
 9615  7
 9616  1
 9617  9
 9618  2
 9619  1
 9620  0
 9621  2
 9622  2
 9623  7
 9624  6
 9625  2
 9626  6
 9627  4
 9628  2
 9629  1
 9630  3
 9631  3
 9632  2
 9633  3
 9634  6
 9635  9
 9636  8
 9637  7
 9638  7
 9639  0
 9640  6
 9641  1
 9642  0
 9643  5
 9644  1
 9645  5
 9646  2
 9647  3
 9648  7
 9649  9
 9650  0
 9651  4
 9652  8
 9653  6
 9654  0
 9655  1
 9656  8
 9657  4
 9658  6
 9659  8
 9660  2
 9661  5
 9662  8
 9663  0
 9664  2
 9665  6
 9666  0
 9667  6
 9668  8
 9669  5
 9670  1
 9671  1
 9672  6
 9673  4
 9674  7
 9675  6
 9676  8
 9677  1
 9678  9
 9679  5
 9680  9
 9681  4
 9682  3
 9683  9
 9684  0
 9685  5
 9686  6
 9687  8
 9688  3
 9689  5
 9690  3
 9691  1
 9692  9
 9693  5
 9694  7
 9695  4
 9696  0
 9697  6
 9698  5
 9699  6
 9700  8
 9701  1
 9702  1
 9703  9
 9704  7
 9705  8
 9706  4
 9707  5
 9708  9
 9709  0
 9710  3
 9711  0
 9712  0
 9713  6
 9714  0
 9715  0
 9716  8
 9717  8
 9718  5
 9719  7
 9720  6
 9721  7
 9722  3
 9723  9
 9724  5
 9725  1
 9726  3
 9727  3
 9728  0
 9729  2
 9730  2
 9731  0
 9732  9
 9733  1
 9734  3
 9735  8
 9736  8
 9737  5
 9738  6
 9739  4
 9740  0
 9741  7
 9742  0
 9743  4
 9744  6
 9745  9
 9746  6
 9747  5
 9748  1
 9749  5
 9750  1
 9751  2
 9752  3
 9753  3
 9754  6
 9755  4
 9756  6
 9757  5
 9758  8
 9759  2
 9760  6
 9761  6
 9762  1
 9763  1
 9764  4
 9765  8
 9766  5
 9767  5
 9768  7
 9769  6
 9770  9
 9771  4
 9772  2
 9773  4
 9774  0
 9775  7
 9776  8
 9777  6
 9778  6
 9779  1
 9780  9
 9781  5
 9782  0
 9783  1
 9784  0
 9785  8
 9786  1
 9787  1
 9788  4
 9789  7
 9790  9
 9791  0
 9792  9
 9793  1
 9794  4
 9795  6
 9796  2
 9797  2
 9798  4
 9799  9
 9800  6
 9801  9
 9802  6
 9803  9
 9804  8
 9805  5
 9806  6
 9807  8
 9808  4
 9809  0
 9810  4
 9811  8
 9812  1
 9813  8
 9814  9
 9815  7
 9816  2
 9817  7
 9818  6
 9819  8
 9820  3
 9821  2
 9822  0
 9823  5
 9824  8
 9825  3
 9826  8
 9827  8
 9828  7
 9829  4
 9830  7
 9831  6
 9832  4
 9833  6
 9834  4
 9835  9
 9836  9
 9837  4
 9838  5
 9839  1
 9840  2
 9841  9
 9842  3
 9843  2
 9844  9
 9845  1
 9846  4
 9847  8
 9848  7
 9849  5
 9850  3
 9851  2
 9852  8
 9853  7
 9854  0
 9855  1
 9856  1
 9857  1
 9858  1
 9859  2
 9860  7
 9861  5
 9862  6
 9863  3
 9864  3
 9865  4
 9866  9
 9867  5
 9868  0
 9869  6
 9870  6
 9871  4
 9872  2
 9873  0
 9874  1
 9875  8
 9876  6
 9877  2
 9878  1
 9879  7
 9880  0
 9881  1
 9882  5
 9883  6
 9884  2
 9885  4
 9886  6
 9887  6
 9888  2
 9889  5
 9890  8
 9891  1
 9892  8
 9893  3
 9894  4
 9895  6
 9896  3
 9897  7
 9898  6
 9899  0
 9900  4
 9901  1
 9902  4
 9903  7
 9904  9
 9905  8
 9906  2
 9907  8
 9908  3
 9909  3
 9910  6
 9911  0
 9912  8
 9913  8
 9914  2
 9915  7
 9916  9
 9917  1
 9918  8
 9919  6
 9920  8
 9921  6
 9922  6
 9923  2
 9924  6
 9925  2
 9926  2
 9927  7
 9928  7
 9929  1
 9930  5
 9931  9
 9932  5
 9933  3
 9934  1
 9935  0
 9936  7
 9937  3
 9938  6
 9939  0
 9940  9
 9941  7
 9942  8
 9943  2
 9944  6
 9945  9
 9946  7
 9947  6
 9948  1
 9949  6
 9950  0
 9951  5
 9952  1
 9953  0
 9954  5
 9955  9
 9956  1
 9957  8
 9958  6
 9959  0
 9960  3
 9961  2
 9962  4
 9963  2
 9964  9
 9965  8
 9966  7
 9967  0
 9968  6
 9969  3
 9970  0
 9971  8
 9972  2
 9973  2
 9974  4
 9975  1
 9976  6
 9977  4
 9978  2
 9979  2
 9980  6
 9981  3
 9982  6
 9983  6
 9984  2
 9985  0
 9986  0
 9987  3
 9988  4
 9989  2
 9990  8
 9991  0
 9992  5
 9993  7
 9994  3
 9995  7
 9996  7
 9997  3
 9998  2
 9999  9
10000  2

# This is the end of the b text file.
