# A072508 (b-file synthesized from sequence entry)
1 1
2 4
3 5
4 6
5 0
6 7
7 4
8 9
9 4
10 8
11 5
12 8
13 2
14 6
15 8
16 9
17 6
18 7
19 1
20 3
21 9
22 9
23 5
24 9
25 5
26 3
27 5
28 1
29 1
30 1
31 6
32 5
33 4
34 3
35 5
36 5
37 7
38 6
39 5
40 3
41 1
42 7
43 8
44 3
45 7
46 4
47 8
48 4
49 7
50 1
51 3
52 1
53 5
54 4
55 0
56 2
57 7
58 0
59 7
60 0
61 2
62 4
63 3
64 7
65 4
66 1
67 4
68 0
69 0
70 1
71 5
72 0
73 6
74 2
75 6
76 5
77 3
78 8
79 9
80 8
81 9
82 5
83 5
84 9
85 9
86 6
87 4
88 5
89 3
90 1
91 9
92 4
93 0
94 1
95 8
96 6
97 0
98 3
99 0
100 9
101 1
102 0
103 9
104 9
105 2
