# A065493 (b-file synthesized from sequence entry)
0 6
1 6
2 1
3 3
4 1
5 7
6 0
7 4
8 9
9 4
10 6
11 9
12 6
13 2
14 2
15 3
16 3
17 5
18 2
19 8
20 9
21 7
22 6
23 5
24 8
25 4
26 6
27 2
28 7
29 4
30 1
31 1
32 8
33 5
34 3
35 3
36 2
37 8
38 5
39 4
40 7
41 5
42 2
43 8
44 9
45 8
46 3
47 2
48 9
49 1
50 6
51 3
52 5
53 4
54 9
55 8
56 0
57 9
58 0
59 5
60 6
61 2
62 6
63 2
64 2
65 6
66 6
67 2
68 5
69 0
70 3
71 1
72 7
73 4
74 3
75 1
76 2
77 2
78 3
79 0
80 4
81 9
82 4
83 2
84 2
85 6
86 1
87 7
88 4
89 0
90 7
91 8
92 4
93 2
94 8
95 1
96 8
97 7
