# A033150 (b-file synthesized from sequence entry)
1 1
2 7
3 0
4 5
5 2
6 1
7 1
8 1
9 4
10 0
11 1
12 0
13 5
14 3
15 6
16 7
17 7
18 6
19 4
20 2
21 8
22 8
23 5
24 5
25 1
26 4
27 5
28 3
29 4
30 3
31 4
32 5
33 0
34 8
35 1
36 6
37 0
38 7
39 6
40 2
41 0
42 2
43 7
44 6
45 5
46 1
47 6
48 5
49 3
50 4
51 6
52 9
53 0
54 9
55 9
56 9
57 9
58 4
59 2
60 8
61 4
62 9
63 0
64 6
65 5
66 4
67 7
68 3
69 1
70 3
71 1
72 9
73 2
74 1
75 6
76 8
77 1
78 2
79 2
80 4
81 9
82 1
83 9
84 3
85 4
86 2
87 4
88 4
89 1
90 3
91 2
92 1
93 0
94 0
95 8
96 7
97 1
98 0
99 0
100 1
101 7
102 9
