1 2
2 8
3 0
4 7
5 7
6 7
7 0
8 2
9 4
10 2
11 0
12 2
13 8
14 5
15 1
16 9
17 3
18 6
19 5
20 2
21 2
22 1
23 5
24 0
25 1
26 1
27 8
28 6
29 5
30 5
31 7
32 7
33 7
34 2
35 9
36 3
37 2
38 3
39 0
40 8
41 0
42 8
43 5
44 9
45 2
46 0
47 9
48 3
49 0
50 1
51 9
52 8
53 2
54 9
55 1
56 2
57 2
58 0
59 0
60 5
61 4
62 8
63 0
64 9
65 5
66 9
67 7
68 1
69 0
70 0
71 8
72 8
73 9
74 1
75 2
76 1
77 9
78 0
79 1
80 6
81 6
82 5
83 5
84 1
85 0
86 1
87 8
88 5
89 3
90 0
91 8
92 1
93 6
94 8
95 1
96 9
97 6
98 6
99 3
100 8
101 1
102 4
103 1
104 8
105 7
106 4
107 1
108 6
109 4
110 3
111 4
112 2
113 9
114 2
115 6
116 4
117 7
118 6
119 7
120 8
121 6
122 0
123 7
124 3
125 5
126 6
127 8
128 3
129 4
130 7
131 8
132 3
133 0
134 8
135 9
136 7
137 0
138 1
139 2
140 4
141 4
142 6
143 7
144 4
145 2
146 4
147 8
148 7
149 7
150 6
151 4
152 7
153 5
154 1
155 6
156 6
157 7
158 5
159 4
160 9
161 1
162 8
163 0
164 8
165 4
166 9
167 9
168 3
169 2
170 7
171 0
172 9
173 2
174 2
175 0
176 0
177 5
178 2
179 9
180 9
181 0
182 0
183 9
184 4
185 4
186 4
187 7
188 3
189 4
190 2
191 9
192 5
193 2
194 0
195 6
196 5
197 8
198 3
199 5
200 1
201 4
202 7
203 5
204 1
205 5
206 2
207 1
208 3
209 1
210 1
211 5
212 5
213 0
214 6
215 1
216 8
217 2
218 8
219 0
220 5
221 0
222 4
223 8
224 5
225 8
226 1
227 8
228 7
229 6
230 3
231 4
232 7
233 6
234 7
235 4
236 8
237 0
238 7
239 6
240 7
241 1
242 2
243 9
244 9
245 8
246 2
247 3
248 4
249 2
250 1
251 6
252 3
253 4
254 3
255 2
256 7
257 1
258 3
259 2
260 8
261 3
262 9
263 5
264 5
265 3
266 8
267 8
268 8
269 3
270 6
271 1
272 8
273 3
274 0
275 5
276 8
277 1
278 0
279 6
280 1
281 7
282 3
283 5
284 3
285 2
286 1
287 1
288 1
289 5
290 4
291 2
292 9
293 3
294 5
295 9
296 9
297 8
298 7
299 7
300 0
301 4
302 6
303 4
304 1
305 3
306 5
307 4
308 3
309 2
310 5
311 1
312 4
313 3
314 9
315 2
316 9
317 5
318 1
319 5
320 7
321 2
322 1
323 4
324 8
325 2
326 6
327 6
328 0
329 7
330 4
331 5
332 8
333 6
334 6
335 6
336 6
337 3
338 6
339 9
340 5
341 2
342 4
343 6
344 8
345 0
346 1
347 0
348 4
349 7
350 7
351 8
352 7
353 2
354 9
355 9
356 1
357 7
358 9
359 3
360 2
361 8
362 4
363 9
364 6
365 2
366 3
367 6
368 9
369 0
370 6
371 1
372 5
373 2
374 8
375 2
376 3
377 9
378 7
379 0
380 0
381 4
382 1
383 5
384 7
385 2
386 0
387 6
388 4
389 4
390 5
391 6
392 6
393 8
394 1
395 7
396 6
397 0
398 7
399 4
400 9
401 0
402 7
403 1
404 6
405 0
406 3
407 2
408 2
409 6
410 9
411 1
412 0
413 5
414 9
415 1
416 9
417 5
418 3
419 8
420 9
421 9
422 1
423 4
424 9
425 5
426 1
427 3
428 8
429 5
430 4
431 1
432 4
433 5
434 8
435 6
436 3
437 7
438 6
439 9
440 8
441 4
442 1
443 7
444 6
445 3
446 9
447 5
448 9
449 3
450 6
451 5
452 4
453 7
454 6
455 3
456 2
457 2
458 8
459 6
460 3
461 6
462 6
463 0
464 8
465 5
466 5
467 4
468 5
469 9
470 7
471 5
472 4
473 5
474 4
475 4
476 4
477 1
478 0
479 0
480 5
481 9
482 9
483 6
484 1
485 8
486 3
487 8
488 2
489 1
490 1
491 8
492 2
493 9
494 6
495 0
496 1
497 0
498 0
499 9
500 8
501 9
502 5
503 4
504 0
505 4
506 6
507 5
508 3
509 2
510 7
511 8
512 1
513 3
514 6
515 8
516 3
517 4
518 6
519 3
520 4
521 9
522 2
523 8
524 1
525 2
526 1
527 8
528 5
529 8
530 0
531 7
532 8
533 9
534 2
535 5
536 7
537 2
538 0
539 1
540 3
541 8
542 7
543 5
544 0
545 9
546 4
547 3
548 0
549 5
550 8
551 5
552 3
553 5
554 1
555 9
556 2
557 9
558 9
559 7
560 4
561 2
562 2
563 5
564 3
565 2
566 1
567 0
568 5
569 5
570 8
571 8
572 6
573 3
574 4
575 3
576 3
577 5
578 6
579 8
580 5
581 3
582 0
583 1
584 3
585 9
586 9
587 1
588 8
589 4
590 0
591 3
592 6
593 9
594 3
595 9
596 2
597 0
598 2
599 5
600 9
601 0
602 9
603 9
604 3
605 5
606 0
607 2
608 9
609 1
610 7
611 9
612 9
613 6
614 6
615 0
616 0
617 8
618 1
619 3
620 5
621 4
622 3
623 0
624 1
625 0
626 2
627 8
628 4
629 0
630 7
631 8
632 3
633 8
634 1
635 0
636 8
637 0
638 2
639 3
640 3
641 4
642 4
643 8
644 3
645 2
646 7
647 3
648 5
649 9
650 0
651 6
652 3
653 2
654 4
655 2
656 9
657 7
658 7
659 4
660 8
661 5
662 5
663 9
664 3
665 4
666 7
667 6
668 0
669 2
670 1
671 1
672 5
673 6
674 6
675 9
676 4
677 3
678 5
679 4
680 8
681 8
682 6
683 4
684 7
685 8
686 7
687 9
688 2
689 8
690 9
691 9
692 1
693 2
694 0
695 8
696 9
697 5
698 8
699 4
700 6
701 3
702 9
703 9
704 0
705 7
706 2
707 8
708 8
709 5
710 1
711 2
712 1
713 8
714 8
715 2
716 7
717 1
718 2
719 6
720 1
721 7
722 9
723 6
724 8
725 1
726 0
727 6
728 5
729 3
730 0
731 8
732 8
733 0
734 7
735 0
736 9
737 5
738 6
739 5
740 0
741 2
742 8
743 4
744 0
745 8
746 7
747 9
748 7
749 6
750 1
751 6
752 7
753 4
754 2
755 0
756 3
757 6
758 5
759 1
760 7
761 4
762 4
763 2
764 0
765 7
766 5
767 6
768 7
769 2
770 6
771 5
772 3
773 3
774 0
775 7
776 1
777 2
778 9
779 0
780 6
781 8
782 9
783 7
784 4
785 4
786 5
787 9
788 5
789 2
790 6
791 5
792 9
793 0
794 9
795 2
796 7
797 9
798 1
799 9
800 9
801 6
802 9
803 0
804 6
805 7
806 5
807 3
808 7
809 9
810 2
811 9
812 2
813 8
814 1
815 3
816 6
817 2
818 3
819 7
820 2
821 5
822 6
823 7
824 0
825 7
826 0
827 2
828 1
829 0
830 7
831 3
832 4
833 0
834 2
835 3
836 6
837 4
838 1
839 0
840 0
841 7
842 6
843 0
844 0
845 7
846 9
847 3
848 4
849 0
850 8
851 5
852 7
853 7
854 7
855 4
856 0
857 7
858 9
859 2
860 1
861 2
862 2
863 1
864 2
865 2
866 6
867 8
868 2
869 5
870 4
871 7
872 3
873 5
874 7
875 0
876 8
877 2
878 3
879 8
880 6
881 4
882 5
883 6
884 9
885 0
886 7
887 8
888 3
889 4
890 6
891 7
892 7
893 2
894 9
895 2
896 6
897 4
898 2
899 0
900 4
901 8
902 8
903 4
904 5
905 8
906 5
907 1
908 9
909 7
910 4
911 0
912 7
913 7
914 5
915 5
916 2
917 4
918 3
919 6
920 4
921 5
922 2
923 3
924 3
925 7
926 6
927 2
928 8
929 4
930 6
931 2
932 7
933 8
934 9
935 6
936 6
937 1
938 7
939 8
940 4
941 9
942 9
943 9
944 3
945 9
946 0
947 6
948 9
949 6
950 7
951 6
952 9
953 4
954 9
955 2
956 9
957 2
958 2
959 2
960 5
961 3
962 6
963 0
964 3
965 0
966 9
967 0
968 8
969 3
970 2
971 0
972 8
973 5
974 1
975 6
976 4
977 4
978 2
979 8
980 2
981 1
982 3
983 3
984 2
985 6
986 4
987 1
988 0
989 7
990 4
991 4
992 6
993 2
994 6
995 1
996 8
997 9
998 9
999 1
1000 1
1001 6




