1 2
2 6
3 8
4 5
5 4
6 5
7 2
8 0
9 0
10 1
11 0
12 6
13 5
14 3
15 0
16 6
17 4
18 4
19 5
20 3
21 0
22 9
23 7
24 1
25 4
26 8
27 3
28 5
29 4
30 8
31 1
32 7
33 9
34 5
35 6
36 9
37 3
38 8
39 2
40 0
41 3
42 8
43 2
44 2
45 9
46 3
47 9
48 9
49 4
50 4
51 6
52 2
53 9
54 5
55 3
56 0
57 5
58 1
59 1
60 5
61 2
62 3
63 4
64 5
65 5
66 5
67 7
68 2
69 1
70 8
71 8
72 5
73 9
74 5
75 3
76 7
77 1
78 5
79 2
80 0
81 0
82 2
83 8
84 0
85 1
86 1
87 4
88 1
89 1
90 7
91 4
92 9
93 3
94 1
95 8
96 4
97 7
98 6
99 9
100 7
101 9
102 9
103 5
104 1
105 5
106 3
107 4
108 6
109 5
110 9
111 0
112 5
113 2
114 8
115 8
116 0
117 9
118 0
119 0
120 8
121 2
122 8
123 9
124 7
125 6
126 7
127 7
128 7
129 1
130 6
131 4
132 1
133 0
134 9
135 6
136 3
137 0
138 5
139 1
140 7
141 9
142 2
143 5
144 3
145 3
146 4
147 8
148 3
149 2
150 5
151 9
152 6
153 6
154 8
155 3
156 8
157 1
158 8
159 5
160 2
161 3
162 1
163 5
164 4
165 2
166 1
167 3
168 3
169 2
170 1
171 1
172 9
173 4
174 9
175 9
176 6
177 2
178 6
179 0
180 3
181 9
182 3
183 2
184 8
185 5
186 2
187 2
188 0
189 4
190 4
191 8
192 1
193 9
194 4
195 0
196 9
197 6
198 1
199 8
200 0
201 6
202 8
203 6
204 6
205 4
206 1
207 6
208 6
209 4
210 2
211 8
212 9
213 3
214 0
215 8
216 4
217 7
218 7
219 8
220 8
221 0
222 6
223 2
224 0
225 3
226 6
227 0
228 7
229 3
230 7
231 0
232 5
233 3
234 5
235 0
236 1
237 0
238 3
239 3
240 6
241 7
242 2
243 6
244 3
245 3
246 5
247 7
248 7
249 2
250 8
251 9
252 0
253 4
254 9
255 9
256 0
257 4
258 2
259 7
260 0
261 7
262 0
263 2
264 7
265 2
266 3
267 4
268 5
269 1
270 7
271 0
272 2
273 6
274 2
275 5
276 2
277 3
278 7
279 0
280 2
281 3
282 5
283 4
284 5
285 8
286 1
287 0
288 6
289 8
290 6
291 3
292 1
293 8
294 5
295 0
296 1
297 0
298 3
299 2
300 3
301 7
302 4
303 6
304 5
305 5
306 8
307 0
308 3
309 7
310 7
311 5
312 0
313 2
314 6
315 4
316 4
317 2
318 5
319 2
320 4
321 8
322 5
323 2
324 8
325 6
326 9
327 4
328 6
329 8
330 2
331 3
332 4
333 1
334 8
335 9
336 9
337 4
338 9
339 1
340 5
341 7
342 3
343 0
344 6
345 6
346 1
347 8
348 9
349 8
350 7
351 2
352 0
353 7
354 9
355 9
356 4
357 1
358 3
359 7
360 2
361 3
362 5
363 5
364 0
365 0
366 0
367 5
368 7
369 9
370 3
371 5
372 7
373 3
374 6
375 6
376 9
377 8
378 9
379 3
380 3
381 9
382 5
383 0
384 8
385 7
386 9
387 0
388 2
389 1
390 2
391 4
392 4
393 6
394 4
395 2
396 0
397 7
398 5
399 2
400 8
401 9
402 7
403 4
404 1
405 4
406 5
407 9
408 1
409 4
410 7
411 6
412 9
413 3
414 0
415 1
416 8
417 4
418 4
419 9
420 0
421 5
422 0
423 6
424 0
425 1
426 7
427 9
428 3
429 4
430 9
431 9
432 3
433 8
434 5
435 2
436 2
437 5
438 4
439 7
440 0
441 4
442 0
443 4
444 2
445 0
446 3
447 3
448 7
449 7
450 9
451 8
452 5
453 6
454 3
455 9
456 8
457 3
458 1
459 0
460 1
461 5
462 7
463 0
464 9
465 0
466 2
467 2
468 2
469 3
470 3
471 9
472 1
473 0
474 0
475 0
476 0
477 2
478 2
479 0
480 7
481 7
482 2
483 5
484 0
485 9
486 6
487 5
488 1
489 3
490 3
491 2
492 4
493 6
494 0
495 4
496 4
497 4
498 4
499 3
500 9
501 1
502 9
503 1
504 6
505 9
506 1
507 4
508 6
509 0
510 8
511 5
512 9
513 6
514 8
515 2
516 3
517 4
518 8
519 2
520 1
521 2
522 8
523 3
524 2
525 4
526 6
527 2
528 2
529 8
530 2
531 9
532 2
533 7
534 1
535 0
536 1
537 2
538 6
539 9
540 0
541 6
542 9
543 7
544 4
545 1
546 8
547 2
548 3
549 4
550 8
551 4
552 7
553 7
554 6
555 7
556 5
557 4
558 5
559 7
560 3
561 4
562 8
563 9
564 8
565 6
566 2
567 5
568 4
569 2
570 0
571 3
572 3
573 9
574 2
575 6
576 6
577 2
578 3
579 5
580 1
581 8
582 6
583 2
584 0
585 8
586 6
587 7
588 7
589 8
590 1
591 3
592 6
593 6
594 5
595 0
596 9
597 6
598 9
599 6
600 5
601 8
602 3
603 1
604 4
605 6
606 9
607 9
608 5
609 2
610 7
611 1
612 8
613 3
614 7
615 4
616 4
617 8
618 0
619 5
620 4
621 0
622 1
623 2
624 1
625 9
626 5
627 3
628 6
629 6
630 6
631 6
632 6
633 0
634 4
635 9
636 6
637 4
638 8
639 2
640 6
641 9
642 8
643 9
644 0
645 8
646 2
647 7
648 5
649 4
650 8
651 1
652 1
653 5
654 2
655 5
656 4
657 7
658 2
659 1
660 1
661 7
662 7
663 3
664 3
665 0
666 3
667 1
668 9
669 6
670 7
671 5
672 9
673 4
674 7
675 3
676 8
677 3
678 7
679 1
680 9
681 3
682 9
683 3
684 5
685 7
686 8
687 1
688 0
689 6
690 0
691 5
692 9
693 2
694 3
695 0
696 4
697 0
698 1
699 8
700 9
701 0
702 7
703 1
704 1
705 3
706 4
707 9
708 6
709 2
710 4
711 6
712 7
713 3
714 7
715 0
716 6
717 8
718 4
719 1
720 2
721 2
722 1
723 7
724 9
725 4
726 6
727 8
728 1
729 0
730 7
731 4
732 0
733 6
734 0
735 8
736 9
737 1
738 8
739 2
740 7
741 6
742 6
743 9
744 5
745 6
746 6
747 7
748 1
749 1
750 7
751 1
752 6
753 6
754 8
755 3
756 7
757 4
758 0
759 5
760 9
761 0
762 4
763 7
764 3
765 9
766 3
767 6
768 8
769 8
770 0
771 9
772 5
773 3
774 4
775 5
776 0
777 4
778 8
779 9
780 9
781 9
782 7
783 0
784 4
785 7
786 1
787 7
788 6
789 3
790 9
791 0
792 4
793 5
794 1
795 3
796 4
797 3
798 2
799 3
800 2
801 3
802 7
803 7
804 1
805 5
806 1
807 0
808 3
809 2
810 1
811 9
812 6
813 5
814 1
815 5
816 0
817 3
818 8
819 2
820 4
821 6
822 9
823 8
824 8
825 8
826 8
827 3
828 2
829 4
830 8
831 7
832 0
833 9
834 3
835 5
836 3
837 9
838 9
839 4
840 6
841 9
842 6
843 0
844 8
845 2
846 6
847 4
848 7
849 8
850 1
851 8
852 1
853 2
854 0
855 5
856 6
857 6
858 3
859 4
860 9
861 4
862 6
863 7
864 1
865 2
866 5
867 7
868 8
869 4
870 3
871 6
872 6
873 6
874 4
875 5
876 7
877 9
878 7
879 4
880 0
881 9
882 7
883 7
884 8
885 4
886 8
887 3
888 6
889 6
890 2
891 0
892 4
893 9
894 7
895 7
896 7
897 7
898 4
899 8
900 6
901 8
902 2
903 7
904 6
905 5
906 6
907 9
908 7
909 0
910 8
911 7
912 1
913 6
914 3
915 1
916 9
917 2
918 9
919 3
920 8
921 5
922 1
923 2
924 8
925 9
926 9
927 3
928 1
929 4
930 1
931 9
932 9
933 5
934 1
935 8
936 6
937 1
938 1
939 6
940 7
941 3
942 7
943 9
944 2
945 6
946 5
947 4
948 6
949 2
950 0
951 5
952 6
953 3
954 5
955 0
956 5
957 9
958 5
959 1
960 3
961 8
962 5
963 7
964 1
965 3
966 7
967 6
968 1
969 6
970 9
971 7
972 1
973 2
974 6
975 8
976 7
977 2
978 2
979 9
980 9
981 8
982 0
983 5
984 3
985 2
986 7
987 6
988 7
989 3
990 2
991 7
992 8
993 7
994 1
995 0
996 5
997 1
998 3
999 7
1000 6
1001 3
1002 9
1003 5
1004 6
1005 3
1006 7
1007 1
1008 9
1009 0
1010 2
1011 3
1012 1
1013 4
1014 5
1015 2
1016 8
1017 9
1018 0
1019 0
1020 3
1021 0
1022 5
1023 8
1024 1
1025 3
1026 6
1027 9
1028 1
1029 0
1030 9
1031 0
1032 4
1033 7
1034 9
1035 9
1036 6
1037 7
1038 2
1039 7
1040 5
1041 7
1042 5
1043 7
1044 1
1045 3
1046 8
1047 5
1048 0
1049 4
1050 3
1051 5
1052 6
1053 5
1054 0
1055 5
1056 0
1057 6
1058 4
1059 1
1060 5
1061 9
1062 0
1063 8
1064 2
1065 0
1066 9
1067 9
1068 9
1069 6
1070 2
1071 3
1072 4
1073 0
1074 2
1075 7
1076 7
1077 9
1078 0
1079 5
1080 3
1081 8
1082 3
1083 4
1084 1
1085 8
1086 0
1087 9
1088 8
1089 5
1090 1
1091 2
1092 1
1093 2
1094 7
1095 8
1096 5
1097 2
1098 9
1099 4
1100 5
1101 5
1102 4
1103 1
1104 5
1105 1
1106 0
1107 1
1108 9
1109 2
1110 3
1111 2
1112 7
1113 3
1114 9
1115 7
1116 2
1117 7
1118 1
1119 6
1120 7
1121 9
1122 6
1123 8
1124 7
1125 5
1126 1
1127 5
1128 6
1129 2
1130 4
1131 5
1132 5
1133 8
1134 6
1135 8
1136 7
1137 9
1138 7
1139 7
1140 1
1141 7
1142 5
1143 8
1144 7
1145 1
1146 8
1147 2
1148 6
1149 9
1150 3
1151 6
1152 5
1153 9
1154 5
1155 5
1156 4
1157 5
1158 0
1159 2
1160 5
1161 1
1162 3
1163 0
1164 4
1165 1
1166 9
1167 6
1168 8
1169 1
1170 8
1171 6
1172 5
1173 0
1174 9
1175 3
1176 8
1177 0
1178 3
1179 1
1180 3
1181 0
1182 3
1183 8
1184 5
1185 8
1186 4
1187 3
1188 5
1189 2
1190 9
1191 8
1192 6
1193 8
1194 6
1195 3
1196 6
1197 3
1198 5
1199 1
1200 6




