# A084945 (b-file synthesized from sequence entry)
0 6
1 2
2 4
3 3
4 2
5 9
6 9
7 8
8 8
9 5
10 4
11 3
12 5
13 5
14 0
15 8
16 7
17 0
18 9
19 9
20 2
21 9
22 3
23 6
24 3
25 8
26 3
27 1
28 0
29 0
30 8
31 3
32 7
33 2
34 4
35 4
36 1
37 7
38 9
39 6
40 4
41 2
42 6
43 2
44 0
45 1
46 8
47 0
48 5
49 2
50 9
51 2
52 8
53 6
54 9
55 7
56 3
57 5
58 5
59 1
60 9
61 0
62 2
63 4
64 9
65 5
66 6
67 3
68 8
69 0
70 8
71 8
72 8
73 5
74 5
75 1
76 1
77 3
78 2
79 5
80 4
81 4
82 6
83 2
84 4
85 6
86 0
87 2
88 7
89 6
90 1
91 9
92 5
93 5
94 3
95 9
96 8
97 6
98 8
99 8
100 6
101 9
