
# This is the b077761.txt text file.
# A077761: Decimal expansion of Mertens' constant, which is the limit of (Sum_{i=1..k} 1/prime(i)) - log(log(prime(k))) as k goes to infinity, where prime(i) is the i-th prime number.
# Dated 19 March 2019.

0 2
1 6
2 1
3 4
4 9
5 7
6 2
7 1
8 2
9 8
10 4
11 7
12 6
13 4
14 2
15 7
16 8
17 3
18 7
19 5
20 5
21 4
22 2
23 6
24 8
25 3
26 8
27 6
28 0
29 8
30 6
31 9
32 5
33 8
34 5
35 9
36 0
37 5
38 1
39 5
40 6
41 6
42 6
43 4
44 8
45 2
46 6
47 1
48 1
49 9
50 9
51 2
52 0
53 6
54 1
55 9
56 2
57 0
58 6
59 4
60 2
61 1
62 3
63 9
64 2
65 4
66 9
67 2
68 4
69 5
70 1
71 0
72 8
73 9
74 7
75 3
76 6
77 8
78 2
79 0
80 9
81 7
82 1
83 4
84 1
85 4
86 2
87 6
88 3
89 1
90 4
91 3
92 4
93 2
94 4
95 6
96 6
97 5
98 1
99 0
100 5
101 1
102 6
103 1
104 7
105 7
106 2
107 8
108 8
109 7
110 6
111 4
112 8
113 6
114 0
115 2
116 1
117 9
118 9
119 7
120 7
121 8
122 3
123 3
124 9
125 0
126 3
127 2
128 4
129 2
130 7
131 0
132 0
133 4
134 4
135 4
136 2
137 4
138 5
139 4
140 3
141 4
142 8
143 7
144 4
145 0
146 1
147 9
148 7
149 2
150 3
151 8
152 6
153 4
154 0
155 6
156 6
157 6
158 1
159 9
160 4
161 9
162 5
163 5
164 7
165 0
166 9
167 3
168 9
169 2
170 5
171 8
172 1
173 7
174 1
175 2
176 7
177 7
178 4
179 7
180 7
181 4
182 2
183 1
184 1
185 9
186 8
187 5
188 2
189 5
190 8
191 8
192 0
193 7
194 2
195 6
196 6
197 2
198 7
199 2
200 0
201 6
202 4
203 1
204 4
205 4
206 4
207 6
208 4
209 2
210 3
211 2
212 5
213 9
214 0
215 0
216 2
217 3
218 5
219 4
220 3
221 1
222 0
223 5
224 1
225 7
226 7
227 2
228 3
229 2
230 1
231 7
232 3
233 9
234 2
235 5
236 6
237 6
238 3
239 2
240 2
241 9
242 9
243 8
244 0
245 3
246 1
247 4
248 7
249 6
250 3
251 8
252 3
253 1
254 6
255 2
256 3
257 7
258 5
259 8
260 1
261 4
262 9
263 0
264 5
265 9
266 2
267 9
268 0
269 3
270 8
271 2
272 2
273 8
274 4
275 7
276 5
277 8
278 2
279 6
280 5
281 9
282 7
283 2
284 3
285 6
286 3
287 4
288 2
289 2
290 0
291 1
292 5
293 9
294 7
295 1
296 4
297 5
298 8
299 7
300 8
301 5
302 4
303 4
304 6
305 9
306 4
307 1
308 5
309 8
310 6
311 8
312 2
313 5
314 4
315 6
316 0
317 5
318 3
319 8
320 9
321 1
322 8
323 0
324 0
325 7
326 0
327 3
328 1
329 7
330 8
331 7
332 7
333 1
334 4
335 1
336 5
337 6
338 6
339 8
340 0
341 6
342 2
343 0
344 5
345 7
346 0
347 6
348 0
349 5
350 2
351 5
352 7
353 6
354 0
355 1
356 7
357 8
358 5
359 3
360 3
361 4
362 3
363 9
364 8
365 9
366 7
367 0
368 3
369 5
370 4
371 5
372 0
373 7
374 9
375 3
376 4
377 5
378 3
379 0
380 9
381 7
382 1
383 9
384 5
385 3
386 5
387 1
388 1
389 7
390 1
391 6
392 8
393 8
394 8
395 5
396 9
397 8
398 0
399 1
400 9
401 9
402 5
403 5
404 3
405 4
406 6
407 9
408 4
409 7
410 1
411 4
412 2
413 8
414 8
415 3
416 6
417 7
418 3
419 5
420 3
421 7
422 1
423 1
424 7
425 9
426 1
427 0
428 6
429 1
430 9
431 3
432 4
433 2
434 5
435 2
436 2
437 6
438 1
439 6
440 9
441 7
442 5
443 1
444 0
445 1
446 9
447 1
448 1
449 1
450 5
451 9
452 5
453 3
454 7
455 2
456 4
457 4
458 5
459 9
460 9
461 6
462 0
463 5
464 2
465 0
466 3
467 5
468 5
469 8
470 0
471 5
472 1
473 7
474 8
475 0
476 5
477 7
478 4
479 2
480 3
481 7
482 2
483 0
484 1
485 3
486 3
487 2
488 9
489 9
490 9
491 9
492 6
493 1
494 7
495 6
496 9
497 6
498 7
499 6
500 9
501 1
502 1
503 3
504 8
505 6
506 9
507 0
508 9
509 6
510 5
511 4
512 1
513 8
514 6
515 2
516 4
517 9
518 0
519 9
520 7
521 4
522 3
523 5
524 9
525 1
526 6
527 2
528 9
529 4
530 8
531 6
532 2
533 2
534 3
535 8
536 5
537 5
538 5
539 3
540 8
541 9
542 8
543 9
544 8
545 2
546 4
547 1
548 9
549 5
550 4
551 8
552 5
553 7
554 9
555 3
556 7
557 7
558 3
559 8
560 2
561 5
562 8
563 6
564 4
565 6
566 5
567 8
568 2
569 2
570 1
571 2
572 5
573 0
574 6
575 2
576 6
577 0
578 3
579 8
580 0
581 0
582 8
583 4
584 3
585 7
586 0
587 0
588 6
589 7
590 5
591 4
592 1
593 3
594 7
595 9
596 2
597 1
598 9
599 0
600 2
601 0
602 6
603 2
604 6
605 7
606 6
607 0
608 7
609 0
610 9
611 6
612 3
613 3
614 5
615 3
616 5
617 9
618 8
619 1
620 9
621 8
622 9
623 7
624 8
625 3
626 0
627 1
628 0
629 7
630 6
631 2
632 4
633 1
634 7
635 7
636 9
637 2
638 5
639 1
640 1
641 9
642 6
643 1
644 6
645 1
646 9
647 3
648 5
649 5
650 3
651 6
652 1
653 3
654 9
655 1
656 6
657 8
658 4
659 0
660 0
661 2
662 9
663 3
664 3
665 2
666 8
667 0
668 5
669 2
670 2
671 2
672 8
673 9
674 1
675 8
676 5
677 1
678 6
679 7
680 2
681 3
682 8
683 2
684 5
685 8
686 8
687 3
688 7
689 9
690 3
691 0
692 4
693 4
694 3
695 0
696 6
697 7
698 1
699 0
700 0
701 3
702 9
703 1
704 2
705 5
706 4
707 9
708 8
709 5
710 7
711 6
712 1
713 4
714 1
715 8
716 5
717 3
718 6
719 0
720 2
721 0
722 4
723 0
724 0
725 4
726 5
727 7
728 4
729 6
730 0
731 3
732 1
733 1
734 8
735 2
736 5
737 6
738 7
739 0
740 4
741 2
742 3
743 4
744 3
745 8
746 4
747 5
748 6
749 5
750 5
751 1
752 9
753 8
754 3
755 2
756 0
757 2
758 2
759 0
760 0
761 4
762 7
763 7
764 8
765 2
766 4
767 7
768 4
769 6
770 9
771 5
772 4
773 6
774 0
775 6
776 7
777 1
778 5
779 4
780 5
781 4
782 7
783 7
784 7
785 5
786 7
787 2
788 1
789 7
790 1
791 3
792 3
793 8
794 0
795 7
796 2
797 5
798 9
799 5
800 4
801 6
802 3
803 6
804 4
805 8
806 3
807 1
808 9
809 6
810 8
811 7
812 2
813 7
814 9
815 8
816 5
817 9
818 4
819 2
820 7
821 3
822 0
823 6
824 7
825 8
826 7
827 3
828 0
829 6
830 5
831 0
832 9
833 6
834 6
835 9
836 4
837 5
838 4
839 5
840 8
841 7
842 5
843 0
844 5
845 9
846 4
847 2
848 5
849 9
850 3
851 5
852 4
853 7
854 0
855 6
856 8
857 8
858 4
859 6
860 4
861 0
862 8
863 4
864 2
865 5
866 6
867 6
868 6
869 0
870 0
871 8
872 8
873 3
874 3
875 0
876 3
877 5
878 0
879 2
880 9
881 3
882 6
883 6
884 5
885 1
886 4
887 5
888 2
889 5
890 3
891 2
892 8
893 7
894 1
895 3
896 3
897 3
898 9
899 6
900 0
901 9
902 1
903 7
904 2
905 6
906 3
907 9
908 3
909 6
910 8
911 5
912 4
913 3
914 8
915 8
916 6
917 2
918 9
919 1
920 2
921 8
922 8
923 2
924 0
925 0
926 4
927 4
928 7
929 6
930 1
931 1
932 6
933 9
934 8
935 7
936 4
937 8
938 4
939 4
940 1
941 5
942 9
943 3
944 4
945 5
946 9
947 9
948 2
949 0
950 2
951 3
952 6
953 2
954 2
955 5
956 0
957 9
958 3
959 3
960 1
961 5
962 0
963 0
964 1
965 7
966 2
967 9
968 4
969 7
970 4
971 6
972 0
973 0
974 9
975 1
976 1
977 9
978 7
979 8
980 1
981 7
982 0
983 8
984 4
985 2
986 3
987 8
988 3
989 6
990 5
991 9
992 0
993 9
994 2
995 6
996 6
997 5
998 5
999 0
1000 7
1001 7
1002 4
1003 6
1004 6
1005 1
1006 5
1007 7
1008 3
1009 7
1010 5
1011 3
1012 0
1013 2
1014 8
1015 2
1016 8
1017 9
1018 1
1019 2
1020 6
1021 5
1022 4
1023 6
1024 5
1025 6
1026 7
1027 1
1028 5
1029 7
1030 0
1031 9
1032 0
1033 0
1034 3
1035 9
1036 8
1037 8
1038 8
1039 2
1040 7
1041 4
1042 8
1043 9
1044 8
1045 6
1046 5
1047 6
1048 9
1049 2
1050 1
1051 0
1052 3
1053 3
1054 9
1055 0
1056 3
1057 5
1058 5
1059 6
1060 8
1061 0
1062 5
1063 0
1064 9
1065 3
1066 2
1067 5
1068 9
1069 1
1070 5
1071 7
1072 5
1073 3
1074 2
1075 5
1076 7
1077 1
1078 2
1079 4
1080 5
1081 0
1082 8
1083 1
1084 5
1085 7
1086 9
1087 1
1088 6
1089 2
1090 9
1091 2
1092 9
1093 5
1094 9
1095 7
1096 1
1097 3
1098 4
1099 2
1100 9
1101 8
1102 7
1103 2
1104 1
1105 5
1106 1
1107 9
1108 2
1109 6
1110 1
1111 5
1112 7
1113 9
1114 3
1115 3
1116 2
1117 1
1118 4
1119 5
1120 4
1121 8
1122 9
1123 2
1124 6
1125 8
1126 5
1127 3
1128 7
1129 0
1130 5
1131 7
1132 6
1133 3
1134 5
1135 9
1136 6
1137 5
1138 3
1139 1
1140 7
1141 8
1142 9
1143 3
1144 5
1145 7
1146 0
1147 4
1148 8
1149 9
1150 1
1151 2
1152 8
1153 1
1154 6
1155 1
1156 2
1157 5
1158 5
1159 6
1160 4
1161 3
1162 0
1163 6
1164 4
1165 4
1166 6
1167 5
1168 5
1169 8
1170 0
1171 8
1172 7
1173 8
1174 1
1175 9
1176 5
1177 0
1178 2
1179 0
1180 5
1181 5
1182 2
1183 5
1184 2
1185 7
1186 1
1187 9
1188 0
1189 5
1190 5
1191 2
1192 8
1193 5
1194 4
1195 1
1196 7
1197 3
1198 9
1199 9
1200 6
1201 8
1202 5
1203 7
1204 6
1205 0
1206 9
1207 2
1208 3
1209 8
1210 0
1211 8
1212 5
1213 9
1214 0
1215 0
1216 2
1217 3
1218 9
1219 7
1220 6
1221 5
1222 6
1223 8
1224 3
1225 7
1226 7
1227 9
1228 8
1229 4
1230 6
1231 3
1232 6
1233 1
1234 2
1235 9
1236 1
1237 1
1238 7
1239 5
1240 3
1241 3
1242 5
1243 2
1244 5
1245 7
1246 2
1247 2
1248 0
1249 9
1250 3
1251 3
1252 3
1253 5
1254 8
1255 2
1256 8
1257 9
1258 6
1259 5
1260 9
1261 6
1262 5
1263 4
1264 9
1265 2
1266 3
1267 8
1268 6
1269 1
1270 0
1271 7
1272 7
1273 3
1274 2
1275 6
1276 0
1277 5
1278 5
1279 7
1280 2
1281 7
1282 2
1283 7
1284 3
1285 2
1286 2
1287 5
1288 9
1289 5
1290 6
1291 7
1292 4
1293 0
1294 8
1295 1
1296 1
1297 6
1298 4
1299 9
1300 8
1301 2
1302 2
1303 4
1304 7
1305 0
1306 6
1307 6
1308 4
1309 8
1310 0
1311 8
1312 4
1313 9
1314 8
1315 8
1316 3
1317 4
1318 1
1319 2
1320 6
1321 2
1322 9
1323 5
1324 6
1325 7
1326 8
1327 4
1328 5
1329 5
1330 6
1331 2
1332 2
1333 5
1334 7
1335 1
1336 9
1337 2
1338 7
1339 0
1340 4
1341 6
1342 1
1343 4
1344 1
1345 3
1346 5
1347 1
1348 4
1349 3
1350 5
1351 8
1352 6
1353 5
1354 2
1355 4
1356 7
1357 9
1358 3
1359 6
1360 7
1361 1
1362 2
1363 3
1364 3
1365 9
1366 0
1367 9
1368 1
1369 1
1370 3
1371 3
1372 0
1373 6
1374 2
1375 3
1376 4
1377 1
1378 7
1379 6
1380 4
1381 3
1382 5
1383 9
1384 8
1385 6
1386 1
1387 8
1388 0
1389 7
1390 1
1391 4
1392 5
1393 3
1394 0
1395 4
1396 9
1397 2
1398 2
1399 3
1400 8
1401 1
1402 9
1403 5
1404 5
1405 7
1406 1
1407 9
1408 9
1409 5
1410 0
1411 6
1412 5
1413 3
1414 2
1415 8
1416 9
1417 3
1418 0
1419 3
1420 1
1421 4
1422 1
1423 1
1424 4
1425 9
1426 6
1427 5
1428 6
1429 2
1430 1
1431 5
1432 0
1433 6
1434 6
1435 6
1436 8
1437 1
1438 7
1439 9
1440 7
1441 8
1442 3
1443 4
1444 8
1445 9
1446 2
1447 7
1448 5
1449 7
1450 3
1451 7
1452 1
1453 6
1454 4
1455 5
1456 9
1457 6
1458 2
1459 1
1460 0
1461 8
1462 5
1463 6
1464 2
1465 2
1466 7
1467 5
1468 8
1469 3
1470 6
1471 6
1472 1
1473 1
1474 7
1475 8
1476 9
1477 0
1478 7
1479 0
1480 1
1481 4
1482 1
1483 3
1484 5
1485 4
1486 4
1487 8
1488 4
1489 0
1490 3
1491 7
1492 1
1493 1
1494 8
1495 8
1496 2
1497 3
1498 3
1499 0
1500 9
1501 5
1502 1
1503 8
1504 8
1505 0
1506 8
1507 1
1508 7
1509 5
1510 1
1511 6
1512 9
1513 7
1514 0
1515 8
1516 4
1517 9
1518 7
1519 4
1520 0
1521 2
1522 1
1523 3
1524 3
1525 1
1526 1
1527 0
1528 9
1529 8
1530 2
1531 9
1532 2
1533 5
1534 1
1535 8
1536 8
1537 3
1538 2
1539 3
1540 4
1541 3
1542 9
1543 2
1544 1
1545 0
1546 2
1547 6
1548 0
1549 9
1550 6
1551 3
1552 7
1553 4
1554 4
1555 2
1556 0
1557 0
1558 6
1559 4
1560 5
1561 5
1562 8
1563 5
1564 1
1565 1
1566 9
1567 3
1568 9
1569 2
1570 9
1571 3
1572 3
1573 5
1574 1
1575 5
1576 7
1577 4
1578 9
1579 1
1580 4
1581 6
1582 2
1583 3
1584 5
1585 7
1586 8
1587 8
1588 6
1589 5
1590 6
1591 4
1592 9
1593 0
1594 7
1595 6
1596 4
1597 9
1598 5
1599 2
1600 1
1601 8
1602 3
1603 6
1604 8
1605 1
1606 6
1607 1
1608 2
1609 3
1610 1
1611 6
1612 0
1613 1
1614 2
1615 0
1616 8
1617 6
1618 4
1619 3
1620 6
1621 8
1622 6
1623 4
1624 2
1625 4
1626 1
1627 0
1628 7
1629 7
1630 1
1631 1
1632 2
1633 0
1634 9
1635 0
1636 4
1637 2
1638 2
1639 5
1640 1
1641 7
1642 8
1643 0
1644 1
1645 0
1646 9
1647 9
1648 8
1649 0
1650 8
1651 9
1652 8
1653 8
1654 0
1655 0
1656 4
1657 7
1658 2
1659 9
1660 6
1661 4
1662 3
1663 8
1664 1
1665 1
1666 2
1667 7
1668 7
1669 9
1670 4
1671 4
1672 9
1673 6
1674 0
1675 2
1676 2
1677 6
1678 4
1679 0
1680 6
1681 9
1682 3
1683 3
1684 3
1685 2
1686 7
1687 1
1688 1
1689 6
1690 1
1691 6
1692 6
1693 2
1694 6
1695 2
1696 6
1697 6
1698 3
1699 5
1700 8
1701 2
1702 2
1703 8
1704 5
1705 2
1706 2
1707 8
1708 2
1709 1
1710 9
1711 5
1712 7
1713 8
1714 2
1715 5
1716 2
1717 8
1718 6
1719 9
1720 0
1721 4
1722 5
1723 8
1724 9
1725 8
1726 7
1727 8
1728 2
1729 4
1730 2
1731 2
1732 4
1733 1
1734 1
1735 7
1736 8
1737 2
1738 1
1739 6
1740 0
1741 4
1742 3
1743 0
1744 5
1745 5
1746 4
1747 1
1748 2
1749 2
1750 1
1751 1
1752 7
1753 8
1754 4
1755 6
1756 5
1757 5
1758 4
1759 9
1760 1
1761 7
1762 8
1763 6
1764 5
1765 7
1766 6
1767 0
1768 2
1769 2
1770 3
1771 7
1772 0
1773 5
1774 4
1775 8
1776 1
1777 0
1778 7
1779 7
1780 4
1781 3
1782 1
1783 8
1784 7
1785 5
1786 5
1787 5
1788 2
1789 6
1790 9
1791 4
1792 6
1793 9
1794 0
1795 8
1796 8
1797 5
1798 9
1799 9
1800 9
1801 5
1802 7
1803 0
1804 0
1805 7
1806 9
1807 9
1808 0
1809 2
1810 7
1811 1
1812 9
1813 2
1814 3
1815 6
1816 7
1817 7
1818 3
1819 3
1820 1
1821 7
1822 3
1823 5
1824 1
1825 8
1826 1
1827 0
1828 4
1829 1
1830 0
1831 8
1832 5
1833 1
1834 4
1835 2
1836 1
1837 8
1838 3
1839 6
1840 4
1841 2
1842 0
1843 3
1844 1
1845 8
1846 4
1847 9
1848 2
1849 7
1850 8
1851 6
1852 1
1853 2
1854 4
1855 9
1856 7
1857 8
1858 2
1859 8
1860 9
1861 1
1862 0
1863 7
1864 5
1865 1
1866 7
1867 6
1868 2
1869 4
1870 9
1871 1
1872 5
1873 8
1874 0
1875 1
1876 8
1877 2
1878 8
1879 1
1880 2
1881 2
1882 6
1883 3
1884 4
1885 7
1886 2
1887 7
1888 2
1889 1
1890 0
1891 7
1892 4
1893 9
1894 8
1895 8
1896 3
1897 9
1898 6
1899 0
1900 2
1901 4
1902 0
1903 5
1904 3
1905 0
1906 1
1907 0
1908 3
1909 1
1910 0
1911 7
1912 1
1913 5
1914 3
1915 3
1916 0
1917 2
1918 3
1919 0
1920 3
1921 2
1922 7
1923 4
1924 0
1925 4
1926 2
1927 5
1928 5
1929 0
1930 9
1931 2
1932 8
1933 9
1934 5
1935 0
1936 5
1937 8
1938 2
1939 9
1940 0
1941 0
1942 3
1943 6
1944 9
1945 9
1946 9
1947 6
1948 9
1949 3
1950 9
1951 4
1952 7
1953 9
1954 4
1955 5
1956 0
1957 9
1958 2
1959 6
1960 2
1961 8
1962 5
1963 4
1964 1
1965 0
1966 6
1967 2
1968 5
1969 6
1970 1
1971 7
1972 2
1973 5
1974 7
1975 0
1976 4
1977 1
1978 9
1979 9
1980 7
1981 8
1982 3
1983 6
1984 3
1985 5
1986 6
1987 2
1988 4
1989 2
1990 6
1991 0
1992 8
1993 0
1994 5
1995 5
1996 3
1997 0
1998 7
1999 4
2000 3
2001 9
2002 7
2003 6
2004 6
2005 0
2006 1
2007 6
2008 7
2009 3
2010 0
2011 7
2012 6
2013 6
2014 0
2015 9
2016 9
2017 5
2018 4
2019 9
2020 9
2021 3
2022 5
2023 2
2024 8
2025 0
2026 1
2027 1
2028 9
2029 3
2030 2
2031 2
2032 0
2033 5
2034 8
2035 1
2036 3
2037 6
2038 2
2039 3
2040 0
2041 7
2042 4
2043 1
2044 2
2045 5
2046 2
2047 9
2048 7
2049 3
2050 6
2051 7
2052 0
2053 0
2054 6
2055 8
2056 0
2057 5
2058 9
2059 4
2060 4
2061 1
2062 2
2063 6
2064 1
2065 1
2066 2
2067 3
2068 7
2069 2
2070 1
2071 3
2072 1
2073 1
2074 6
2075 0
2076 4
2077 6
2078 8
2079 7
2080 2
2081 5
2082 8
2083 0
2084 7
2085 8
2086 0
2087 3
2088 1
2089 8
2090 1
2091 8
2092 2
2093 3
2094 6
2095 4
2096 1
2097 7
2098 4
2099 6
2100 7
2101 6
2102 1
2103 8
2104 5
2105 8
2106 2
2107 0
2108 8
2109 4
2110 8
2111 6
2112 2
2113 3
2114 1
2115 4
2116 1
2117 5
2118 0
2119 4
2120 0
2121 0
2122 3
2123 2
2124 5
2125 8
2126 2
2127 4
2128 7
2129 1
2130 5
2131 9
2132 1
2133 2
2134 6
2135 4
2136 7
2137 6
2138 6
2139 3
2140 4
2141 4
2142 1
2143 0
2144 0
2145 0
2146 8
2147 2
2148 9
2149 0
2150 8
2151 8
2152 9
2153 8
2154 2
2155 3
2156 2
2157 7
2158 7
2159 1
2160 3
2161 1
2162 5
2163 4
2164 5
2165 6
2166 4
2167 6
2168 9
2169 9
2170 6
2171 6
2172 0
2173 8
2174 6
2175 9
2176 1
2177 5
2178 4
2179 9
2180 6
2181 5
2182 7
2183 2
2184 3
2185 3
2186 7
2187 8
2188 4
2189 2
2190 1
2191 3
2192 0
2193 8
2194 8
2195 0
2196 5
2197 5
2198 7
2199 9
2200 2
2201 0
2202 8
2203 7
2204 9
2205 0
2206 8
2207 5
2208 8
2209 9
2210 8
2211 0
2212 0
2213 7
2214 2
2215 2
2216 7
2217 9
2218 6
2219 1
2220 1
2221 0
2222 2
2223 2
2224 7
2225 1
2226 0
2227 7
2228 6
2229 6
2230 3
2231 4
2232 1
2233 5
2234 1
2235 4
2236 5
2237 5
2238 0
2239 8
2240 2
2241 8
2242 6
2243 2
2244 1
2245 0
2246 9
2247 5
2248 3
2249 7
2250 7
2251 3
2252 3
2253 9
2254 2
2255 2
2256 7
2257 4
2258 8
2259 0
2260 0
2261 6
2262 4
2263 5
2264 6
2265 7
2266 7
2267 2
2268 3
2269 5
2270 9
2271 8
2272 6
2273 5
2274 2
2275 4
2276 6
2277 0
2278 2
2279 2
2280 2
2281 9
2282 3
2283 1
2284 2
2285 3
2286 4
2287 6
2288 0
2289 8
2290 5
2291 3
2292 0
2293 7
2294 4
2295 0
2296 0
2297 0
2298 2
2299 3
2300 2
2301 0
2302 8
2303 4
2304 9
2305 7
2306 4
2307 9
2308 8
2309 6
2310 2
2311 9
2312 3
2313 6
2314 2
2315 8
2316 8
2317 0
2318 3
2319 7
2320 9
2321 1
2322 4
2323 1
2324 0
2325 9
2326 3
2327 4
2328 4
2329 3
2330 5
2331 1
2332 0
2333 5
2334 2
2335 6
2336 4
2337 3
2338 4
2339 5
2340 5
2341 4
2342 2
2343 6
2344 4
2345 8
2346 8
2347 2
2348 4
2349 5
2350 8
2351 6
2352 9
2353 9
2354 2
2355 8
2356 0
2357 6
2358 1
2359 7
2360 8
2361 3
2362 5
2363 0
2364 9
2365 5
2366 8
2367 5
2368 6
2369 5
2370 9
2371 3
2372 7
2373 5
2374 6
2375 1
2376 8
2377 1
2378 6
2379 4
2380 9
2381 5
2382 8
2383 5
2384 5
2385 2
2386 1
2387 4
2388 5
2389 9
2390 5
2391 1
2392 7
2393 3
2394 0
2395 4
2396 6
2397 9
2398 3
2399 1
2400 5
2401 0
2402 3
2403 4
2404 8
2405 4
2406 8
2407 3
2408 5
2409 5
2410 3
2411 5
2412 9
2413 7
2414 7
2415 2
2416 4
2417 6
2418 9
2419 8
2420 4
2421 9
2422 5
2423 4
2424 2
2425 9
2426 8
2427 5
2428 1
2429 3
2430 8
2431 1
2432 8
2433 2
2434 4
2435 6
2436 7
2437 3
2438 3
2439 8
2440 4
2441 8
2442 5
2443 9
2444 7
2445 4
2446 8
2447 2
2448 7
2449 1
2450 1
2451 6
2452 1
2453 6
2454 5
2455 4
2456 4
2457 3
2458 8
2459 8
2460 9
2461 6
2462 5
2463 2
2464 2
2465 0
2466 7
2467 8
2468 8
2469 3
2470 7
2471 5
2472 3
2473 4
2474 3
2475 6
2476 4
2477 1
2478 2
2479 4
2480 3
2481 5
2482 0
2483 8
2484 2
2485 7
2486 3
2487 2
2488 8
2489 6
2490 9
2491 6
2492 2
2493 1
2494 9
2495 5
2496 4
2497 7
2498 5
2499 9
2500 6
2501 9
2502 5
2503 1
2504 2
2505 6
2506 1
2507 6
2508 7
2509 9
2510 9
2511 2
2512 7
2513 5
2514 8
2515 5
2516 5
2517 5
2518 5
2519 6
2520 5
2521 7
2522 8
2523 0
2524 9
2525 8
2526 7
2527 4
2528 8
2529 5
2530 7
2531 4
2532 6
2533 3
2534 2
2535 1
2536 9
2537 1
2538 5
2539 0
2540 8
2541 0
2542 6
2543 8
2544 7
2545 3
2546 3
2547 9
2548 2
2549 7
2550 2
2551 9
2552 6
2553 1
2554 1
2555 5
2556 1
2557 4
2558 8
2559 5
2560 9
2561 1
2562 7
2563 9
2564 5
2565 5
2566 0
2567 3
2568 9
2569 4
2570 4
2571 4
2572 8
2573 1
2574 5
2575 5
2576 5
2577 8
2578 9
2579 3
2580 2
2581 2
2582 7
2583 1
2584 3
2585 3
2586 3
2587 7
2588 3
2589 8
2590 4
2591 4
2592 5
2593 6
2594 6
2595 2
2596 7
2597 2
2598 5
2599 4
2600 1
2601 2
2602 4
2603 2
2604 2
2605 0
2606 3
2607 8
2608 6
2609 5
2610 8
2611 2
2612 5
2613 0
2614 8
2615 9
2616 2
2617 6
2618 6
2619 3
2620 2
2621 4
2622 8
2623 4
2624 7
2625 0
2626 1
2627 1
2628 9
2629 9
2630 7
2631 6
2632 5
2633 8
2634 2
2635 6
2636 4
2637 0
2638 1
2639 5
2640 7
2641 3
2642 5
2643 7
2644 1
2645 8
2646 2
2647 9
2648 2
2649 3
2650 7
2651 3
2652 3
2653 4
2654 1
2655 2
2656 0
2657 8
2658 3
2659 8
2660 2
2661 8
2662 2
2663 7
2664 9
2665 0
2666 1
2667 7
2668 8
2669 7
2670 9
2671 2
2672 9
2673 2
2674 4
2675 4
2676 3
2677 5
2678 8
2679 9
2680 1
2681 8
2682 8
2683 4
2684 5
2685 7
2686 7
2687 8
2688 8
2689 0
2690 9
2691 7
2692 3
2693 5
2694 7
2695 0
2696 2
2697 8
2698 8
2699 3
2700 2
2701 4
2702 3
2703 6
2704 9
2705 0
2706 4
2707 9
2708 8
2709 0
2710 0
2711 9
2712 1
2713 4
2714 9
2715 9
2716 5
2717 0
2718 1
2719 2
2720 6
2721 7
2722 1
2723 4
2724 5
2725 7
2726 0
2727 0
2728 9
2729 7
2730 6
2731 5
2732 2
2733 1
2734 3
2735 9
2736 8
2737 0
2738 9
2739 4
2740 3
2741 9
2742 5
2743 4
2744 9
2745 2
2746 9
2747 0
2748 5
2749 4
2750 7
2751 7
2752 8
2753 2
2754 4
2755 8
2756 4
2757 8
2758 9
2759 3
2760 7
2761 6
2762 7
2763 1
2764 6
2765 0
2766 6
2767 5
2768 0
2769 3
2770 6
2771 8
2772 7
2773 3
2774 9
2775 6
2776 0
2777 7
2778 1
2779 9
2780 2
2781 0
2782 9
2783 5
2784 3
2785 0
2786 2
2787 3
2788 4
2789 5
2790 0
2791 2
2792 4
2793 7
2794 8
2795 9
2796 7
2797 2
2798 5
2799 1
2800 5
2801 5
2802 6
2803 2
2804 3
2805 8
2806 9
2807 0
2808 1
2809 9
2810 3
2811 7
2812 1
2813 2
2814 7
2815 9
2816 5
2817 8
2818 7
2819 8
2820 6
2821 1
2822 8
2823 1
2824 0
2825 9
2826 1
2827 1
2828 4
2829 0
2830 4
2831 6
2832 8
2833 9
2834 5
2835 7
2836 2
2837 5
2838 6
2839 6
2840 1
2841 0
2842 1
2843 9
2844 0
2845 2
2846 7
2847 0
2848 0
2849 1
2850 8
2851 6
2852 4
2853 0
2854 5
2855 2
2856 6
2857 4
2858 8
2859 2
2860 9
2861 3
2862 5
2863 8
2864 7
2865 3
2866 9
2867 8
2868 8
2869 7
2870 5
2871 9
2872 7
2873 3
2874 1
2875 4
2876 2
2877 8
2878 3
2879 6
2880 2
2881 5
2882 7
2883 0
2884 5
2885 2
2886 2
2887 8
2888 4
2889 0
2890 2
2891 6
2892 2
2893 3
2894 4
2895 6
2896 4
2897 8
2898 5
2899 3
2900 5
2901 8
2902 0
2903 0
2904 6
2905 7
2906 4
2907 4
2908 4
2909 1
2910 2
2911 0
2912 6
2913 1
2914 4
2915 0
2916 3
2917 0
2918 8
2919 2
2920 1
2921 7
2922 2
2923 2
2924 9
2925 1
2926 0
2927 5
2928 8
2929 8
2930 4
2931 1
2932 2
2933 0
2934 6
2935 7
2936 0
2937 8
2938 7
2939 1
2940 4
2941 1
2942 3
2943 3
2944 2
2945 5
2946 9
2947 8
2948 8
2949 2
2950 2
2951 3
2952 3
2953 4
2954 9
2955 5
2956 3
2957 6
2958 9
2959 3
2960 7
2961 6
2962 8
2963 4
2964 2
2965 6
2966 2
2967 7
2968 5
2969 1
2970 7
2971 0
2972 5
2973 1
2974 6
2975 3
2976 0
2977 8
2978 2
2979 1
2980 2
2981 1
2982 4
2983 0
2984 1
2985 6
2986 4
2987 6
2988 0
2989 3
2990 9
2991 0
2992 0
2993 8
2994 0
2995 5
2996 3
2997 6
2998 5
2999 8
3000 3
3001 0
3002 5
3003 1
3004 8
3005 3
3006 4
3007 5
3008 1
3009 4
3010 7
3011 6
3012 1
3013 6
3014 5
3015 2
3016 6
3017 2
3018 4
3019 8
3020 6
3021 2
3022 0
3023 9
3024 2
3025 1
3026 1
3027 0
3028 3
3029 5
3030 7
3031 7
3032 6
3033 5
3034 0
3035 2
3036 7
3037 1
3038 0
3039 6
3040 5
3041 9
3042 1
3043 0
3044 7
3045 1
3046 6
3047 1
3048 4
3049 1
3050 4
3051 4
3052 9
3053 5
3054 7
3055 0
3056 1
3057 3
3058 1
3059 9
3060 7
3061 7
3062 4
3063 2
3064 2
3065 7
3066 8
3067 2
3068 2
3069 5
3070 6
3071 0
3072 5
3073 1
3074 9
3075 1
3076 1
3077 1
3078 8
3079 5
3080 9
3081 2
3082 7
3083 9
3084 6
3085 4
3086 7
3087 1
3088 2
3089 4
3090 7
3091 9
3092 0
3093 5
3094 8
3095 2
3096 0
3097 2
3098 8
3099 2
3100 1
3101 4
3102 5
3103 8
3104 9
3105 1
3106 1
3107 5
3108 8
3109 9
3110 1
3111 3
3112 9
3113 3
3114 1
3115 0
3116 8
3117 3
3118 3
3119 5
3120 4
3121 9
3122 8
3123 6
3124 1
3125 7
3126 7
3127 9
3128 5
3129 3
3130 8
3131 2
3132 4
3133 4
3134 0
3135 2
3136 7
3137 3
3138 8
3139 4
3140 4
3141 5
3142 7
3143 0
3144 5
3145 2
3146 1
3147 2
3148 7
3149 3
3150 0
3151 2
3152 4
3153 7
3154 0
3155 9
3156 3
3157 7
3158 0
3159 1
3160 7
3161 9
3162 8
3163 8
3164 8
3165 6
3166 3
3167 9
3168 1
3169 2
3170 3
3171 8
3172 4
3173 5
3174 7
3175 3
3176 8
3177 8
3178 3
3179 7
3180 9
3181 4
3182 0
3183 1
3184 2
3185 1
3186 3
3187 5
3188 7
3189 5
3190 2
3191 0
3192 1
3193 6
3194 8
3195 3
3196 0
3197 5
3198 5
3199 6
3200 5
3201 8
3202 7
3203 3
3204 9
3205 3
3206 9
3207 4
3208 8
3209 5
3210 9
3211 3
3212 5
3213 0
3214 5
3215 1
3216 1
3217 3
3218 0
3219 0
3220 3
3221 7
3222 0
3223 5
3224 6
3225 4
3226 1
3227 3
3228 9
3229 4
3230 3
3231 5
3232 6
3233 1
3234 6
3235 6
3236 6
3237 2
3238 9
3239 5
3240 1
3241 9
3242 9
3243 1
3244 0
3245 8
3246 4
3247 3
3248 2
3249 0
3250 9
3251 0
3252 2
3253 8
3254 2
3255 6
3256 8
3257 4
3258 5
3259 6
3260 3
3261 3
3262 3
3263 9
3264 1
3265 1
3266 6
3267 5
3268 7
3269 3
3270 7
3271 4
3272 7
3273 6
3274 4
3275 8
3276 0
3277 8
3278 0
3279 7
3280 7
3281 0
3282 4
3283 6
3284 1
3285 3
3286 2
3287 9
3288 8
3289 7
3290 1
3291 5
3292 9
3293 7
3294 1
3295 0
3296 5
3297 9
3298 9
3299 0
3300 0
3301 3
3302 7
3303 5
3304 7
3305 0
3306 1
3307 3
3308 4
3309 4
3310 9
3311 1
3312 6
3313 6
3314 2
3315 4
3316 3
3317 8
3318 1
3319 9
3320 0
3321 4
3322 7
3323 9
3324 4
3325 7
3326 9
3327 9
3328 6
3329 9
3330 3
3331 0
3332 6
3333 7
3334 3
3335 1
3336 9
3337 8
3338 4
3339 6
3340 8
3341 1
3342 5
3343 7
3344 7
3345 9
3346 1
3347 0
3348 5
3349 0
3350 9
3351 9
3352 8
3353 4
3354 8
3355 3
3356 0
3357 9
3358 9
3359 9
3360 1
3361 7
3362 8
3363 9
3364 1
3365 3
3366 5
3367 3
3368 5
3369 7
3370 0
3371 8
3372 2
3373 6
3374 2
3375 0
3376 7
3377 8
3378 4
3379 3
3380 7
3381 4
3382 0
3383 7
3384 0
3385 9
3386 4
3387 1
3388 2
3389 0
3390 6
3391 1
3392 5
3393 1
3394 0
3395 4
3396 1
3397 1
3398 5
3399 6
3400 7
3401 4
3402 0
3403 3
3404 2
3405 1
3406 3
3407 8
3408 4
3409 6
3410 3
3411 4
3412 3
3413 2
3414 7
3415 2
3416 2
3417 2
3418 3
3419 3
3420 2
3421 0
3422 8
3423 3
3424 5
3425 1
3426 2
3427 0
3428 1
3429 3
3430 1
3431 8
3432 3
3433 7
3434 8
3435 7
3436 9
3437 0
3438 6
3439 8
3440 3
3441 8
3442 8
3443 4
3444 5
3445 0
3446 7
3447 5
3448 0
3449 4
3450 0
3451 8
3452 5
3453 9
3454 4
3455 3
3456 7
3457 4
3458 5
3459 2
3460 4
3461 5
3462 9
3463 7
3464 5
3465 4
3466 4
3467 9
3468 2
3469 2
3470 3
3471 6
3472 1
3473 3
3474 1
3475 9
3476 6
3477 9
3478 3
3479 4
3480 3
3481 2
3482 5
3483 4
3484 3
3485 8
3486 8
3487 9
3488 3
3489 2
3490 5
3491 5
3492 8
3493 1
3494 0
3495 0
3496 4
3497 6
3498 6
3499 9
3500 3
3501 6
3502 0
3503 4
3504 4
3505 9
3506 3
3507 5
3508 3
3509 0
3510 8
3511 2
3512 1
3513 0
3514 7
3515 1
3516 5
3517 6
3518 3
3519 6
3520 0
3521 2
3522 1
3523 0
3524 5
3525 2
3526 8
3527 2
3528 9
3529 1
3530 8
3531 5
3532 7
3533 8
3534 0
3535 2
3536 2
3537 9
3538 0
3539 2
3540 4
3541 4
3542 6
3543 4
3544 7
3545 4
3546 9
3547 1
3548 6
3549 3
3550 9
3551 2
3552 4
3553 3
3554 7
3555 0
3556 0
3557 1
3558 9
3559 7
3560 4
3561 7
3562 8
3563 1
3564 6
3565 2
3566 6
3567 6
3568 5
3569 1
3570 2
3571 4
3572 8
3573 5
3574 1
3575 3
3576 4
3577 6
3578 3
3579 4
3580 6
3581 1
3582 9
3583 8
3584 5
3585 3
3586 5
3587 4
3588 5
3589 2
3590 7
3591 9
3592 3
3593 8
3594 6
3595 3
3596 3
3597 9
3598 2
3599 5
3600 6
3601 9
3602 7
3603 6
3604 3
3605 1
3606 5
3607 3
3608 2
3609 5
3610 3
3611 3
3612 8
3613 1
3614 6
3615 1
3616 0
3617 8
3618 9
3619 4
3620 8
3621 6
3622 6
3623 1
3624 0
3625 4
3626 3
3627 6
3628 6
3629 4
3630 2
3631 7
3632 4
3633 8
3634 4
3635 9
3636 5
3637 5
3638 5
3639 2
3640 8
3641 0
3642 4
3643 5
3644 3
3645 1
3646 8
3647 2
3648 6
3649 0
3650 7
3651 9
3652 6
3653 0
3654 4
3655 6
3656 2
3657 6
3658 2
3659 5
3660 8
3661 6
3662 7
3663 8
3664 3
3665 5
3666 1
3667 7
3668 4
3669 0
3670 3
3671 6
3672 0
3673 5
3674 4
3675 4
3676 2
3677 0
3678 0
3679 5
3680 3
3681 7
3682 8
3683 1
3684 1
3685 5
3686 7
3687 0
3688 7
3689 1
3690 0
3691 9
3692 8
3693 5
3694 1
3695 7
3696 5
3697 9
3698 2
3699 2
3700 8
3701 2
3702 1
3703 4
3704 6
3705 9
3706 2
3707 7
3708 7
3709 8
3710 0
3711 2
3712 7
3713 7
3714 2
3715 8
3716 0
3717 4
3718 5
3719 8
3720 4
3721 0
3722 5
3723 3
3724 9
3725 1
3726 4
3727 9
3728 8
3729 7
3730 5
3731 7
3732 9
3733 3
3734 4
3735 1
3736 7
3737 5
3738 5
3739 3
3740 3
3741 8
3742 6
3743 5
3744 3
3745 0
3746 9
3747 6
3748 7
3749 4
3750 3
3751 2
3752 8
3753 9
3754 2
3755 3
3756 1
3757 4
3758 6
3759 8
3760 8
3761 9
3762 9
3763 1
3764 2
3765 1
3766 6
3767 5
3768 3
3769 2
3770 0
3771 8
3772 0
3773 4
3774 0
3775 4
3776 3
3777 4
3778 3
3779 9
3780 5
3781 8
3782 6
3783 7
3784 9
3785 1
3786 3
3787 5
3788 8
3789 5
3790 8
3791 4
3792 1
3793 0
3794 6
3795 8
3796 2
3797 9
3798 9
3799 3
3800 0
3801 1
3802 2
3803 5
3804 1
3805 3
3806 1
3807 4
3808 9
3809 9
3810 3
3811 9
3812 3
3813 4
3814 1
3815 9
3816 6
3817 3
3818 5
3819 9
3820 1
3821 7
3822 6
3823 3
3824 2
3825 8
3826 7
3827 3
3828 4
3829 0
3830 2
3831 0
3832 6
3833 0
3834 7
3835 3
3836 5
3837 7
3838 9
3839 7
3840 4
3841 0
3842 7
3843 7
3844 9
3845 5
3846 7
3847 5
3848 1
3849 6
3850 0
3851 8
3852 7
3853 4
3854 9
3855 5
3856 6
3857 7
3858 0
3859 2
3860 1
3861 4
3862 8
3863 1
3864 4
3865 6
3866 0
3867 0
3868 2
3869 8
3870 7
3871 6
3872 7
3873 1
3874 3
3875 6
3876 1
3877 5
3878 8
3879 9
3880 4
3881 3
3882 3
3883 2
3884 1
3885 6
3886 2
3887 1
3888 5
3889 8
3890 1
3891 2
3892 4
3893 2
3894 0
3895 7
3896 9
3897 0
3898 0
3899 7
3900 9
3901 7
3902 5
3903 3
3904 2
3905 1
3906 1
3907 6
3908 2
3909 2
3910 9
3911 0
3912 4
3913 7
3914 8
3915 7
3916 4
3917 1
3918 7
3919 1
3920 8
3921 9
3922 7
3923 1
3924 6
3925 5
3926 4
3927 1
3928 6
3929 5
3930 7
3931 8
3932 5
3933 8
3934 0
3935 8
3936 6
3937 2
3938 0
3939 4
3940 3
3941 7
3942 1
3943 5
3944 7
3945 3
3946 6
3947 7
3948 4
3949 7
3950 5
3951 8
3952 8
3953 8
3954 9
3955 9
3956 4
3957 8
3958 2
3959 9
3960 5
3961 5
3962 0
3963 0
3964 0
3965 9
3966 6
3967 4
3968 0
3969 7
3970 8
3971 1
3972 5
3973 3
3974 3
3975 4
3976 8
3977 3
3978 7
3979 9
3980 3
3981 0
3982 9
3983 6
3984 8
3985 3
3986 8
3987 1
3988 0
3989 1
3990 1
3991 5
3992 0
3993 8
3994 5
3995 5
3996 4
3997 2
3998 2
3999 3
4000 6
4001 7
4002 2
4003 5
4004 0
4005 5
4006 0
4007 0
4008 8
4009 7
4010 6
4011 1
4012 4
4013 3
4014 8
4015 2
4016 3
4017 0
4018 8
4019 0
4020 0
4021 9
4022 8
4023 5
4024 3
4025 8
4026 6
4027 6
4028 8
4029 5
4030 5
4031 4
4032 1
4033 2
4034 7
4035 9
4036 9
4037 7
4038 7
4039 5
4040 7
4041 1
4042 8
4043 2
4044 0
4045 3
4046 3
4047 0
4048 6
4049 8
4050 6
4051 7
4052 3
4053 2
4054 1
4055 5
4056 8
4057 9
4058 8
4059 6
4060 6
4061 7
4062 1
4063 8
4064 6
4065 3
4066 6
4067 6
4068 7
4069 8
4070 7
4071 4
4072 7
4073 3
4074 3
4075 6
4076 2
4077 5
4078 1
4079 7
4080 0
4081 9
4082 6
4083 7
4084 5
4085 8
4086 7
4087 5
4088 4
4089 4
4090 8
4091 2
4092 6
4093 0
4094 2
4095 6
4096 2
4097 6
4098 8
4099 9
4100 1
4101 5
4102 7
4103 8
4104 6
4105 3
4106 6
4107 7
4108 3
4109 5
4110 9
4111 4
4112 2
4113 8
4114 7
4115 3
4116 7
4117 7
4118 3
4119 6
4120 5
4121 5
4122 9
4123 1
4124 4
4125 0
4126 8
4127 9
4128 4
4129 4
4130 1
4131 7
4132 9
4133 9
4134 9
4135 1
4136 1
4137 8
4138 3
4139 1
4140 2
4141 0
4142 0
4143 2
4144 3
4145 5
4146 9
4147 4
4148 7
4149 3
4150 5
4151 1
4152 3
4153 8
4154 0
4155 4
4156 6
4157 0
4158 9
4159 1
4160 9
4161 4
4162 9
4163 6
4164 6
4165 2
4166 6
4167 5
4168 6
4169 8
4170 5
4171 7
4172 1
4173 3
4174 6
4175 2
4176 6
4177 4
4178 8
4179 6
4180 4
4181 7
4182 8
4183 3
4184 4
4185 2
4186 6
4187 1
4188 1
4189 7
4190 4
4191 7
4192 6
4193 0
4194 3
4195 6
4196 0
4197 7
4198 0
4199 3
4200 7
4201 2
4202 7
4203 9
4204 8
4205 3
4206 7
4207 2
4208 7
4209 7
4210 1
4211 0
4212 3
4213 2
4214 8
4215 2
4216 5
4217 2
4218 9
4219 3
4220 0
4221 3
4222 9
4223 2
4224 7
4225 7
4226 7
4227 8
4228 2
4229 5
4230 6
4231 0
4232 4
4233 4
4234 1
4235 1
4236 6
4237 3
4238 6
4239 0
4240 1
4241 3
4242 7
4243 1
4244 1
4245 7
4246 1
4247 5
4248 2
4249 9
4250 3
4251 6
4252 7
4253 5
4254 9
4255 6
4256 1
4257 0
4258 9
4259 6
4260 9
4261 0
4262 7
4263 3
4264 6
4265 9
4266 0
4267 0
4268 4
4269 4
4270 5
4271 5
4272 6
4273 6
4274 7
4275 8
4276 0
4277 9
4278 5
4279 8
4280 5
4281 2
4282 2
4283 1
4284 2
4285 7
4286 7
4287 1
4288 2
4289 7
4290 5
4291 4
4292 6
4293 9
4294 9
4295 1
4296 3
4297 8
4298 9
4299 2
4300 2
4301 5
4302 6
4303 6
4304 2
4305 0
4306 7
4307 3
4308 9
4309 0
4310 6
4311 5
4312 4
4313 0
4314 7
4315 6
4316 2
4317 5
4318 7
4319 8
4320 0
4321 2
4322 5
4323 8
4324 5
4325 8
4326 0
4327 7
4328 6
4329 7
4330 1
4331 5
4332 3
4333 1
4334 6
4335 2
4336 3
4337 1
4338 4
4339 2
4340 9
4341 0
4342 9
4343 6
4344 7
4345 6
4346 1
4347 9
4348 9
4349 6
4350 0
4351 7
4352 7
4353 7
4354 8
4355 0
4356 4
4357 8
4358 1
4359 1
4360 3
4361 6
4362 7
4363 6
4364 9
4365 7
4366 1
4367 8
4368 1
4369 1
4370 6
4371 0
4372 9
4373 7
4374 2
4375 2
4376 0
4377 9
4378 7
4379 4
4380 9
4381 7
4382 2
4383 7
4384 0
4385 1
4386 7
4387 1
4388 4
4389 9
4390 6
4391 6
4392 2
4393 7
4394 1
4395 4
4396 4
4397 5
4398 5
4399 9
4400 2
4401 0
4402 5
4403 3
4404 4
4405 7
4406 6
4407 5
4408 2
4409 8
4410 6
4411 6
4412 4
4413 6
4414 8
4415 7
4416 8
4417 1
4418 3
4419 7
4420 9
4421 1
4422 0
4423 4
4424 0
4425 6
4426 2
4427 2
4428 7
4429 1
4430 3
4431 4
4432 2
4433 8
4434 9
4435 1
4436 5
4437 5
4438 0
4439 5
4440 2
4441 3
4442 7
4443 1
4444 3
4445 6
4446 4
4447 5
4448 6
4449 3
4450 0
4451 8
4452 6
4453 5
4454 1
4455 2
4456 6
4457 5
4458 7
4459 1
4460 0
4461 7
4462 7
4463 5
4464 5
4465 6
4466 4
4467 3
4468 7
4469 5
4470 1
4471 8
4472 7
4473 5
4474 6
4475 4
4476 4
4477 0
4478 1
4479 4
4480 3
4481 3
4482 8
4483 8
4484 2
4485 8
4486 3
4487 7
4488 9
4489 7
4490 7
4491 0
4492 3
4493 0
4494 8
4495 2
4496 6
4497 8
4498 2
4499 9
4500 4
4501 3
4502 0
4503 3
4504 3
4505 3
4506 1
4507 9
4508 0
4509 7
4510 0
4511 6
4512 2
4513 3
4514 2
4515 4
4516 3
4517 5
4518 7
4519 6
4520 6
4521 5
4522 2
4523 0
4524 6
4525 7
4526 7
4527 8
4528 1
4529 8
4530 8
4531 0
4532 5
4533 1
4534 1
4535 9
4536 4
4537 5
4538 5
4539 8
4540 7
4541 5
4542 7
4543 6
4544 5
4545 0
4546 7
4547 5
4548 0
4549 6
4550 9
4551 3
4552 7
4553 1
4554 5
4555 7
4556 3
4557 3
4558 2
4559 0
4560 8
4561 6
4562 4
4563 6
4564 5
4565 5
4566 2
4567 5
4568 7
4569 5
4570 3
4571 5
4572 6
4573 4
4574 9
4575 4
4576 0
4577 5
4578 8
4579 2
4580 9
4581 8
4582 5
4583 9
4584 1
4585 0
4586 1
4587 8
4588 1
4589 1
4590 4
4591 5
4592 0
4593 1
4594 1
4595 9
4596 4
4597 0
4598 5
4599 1
4600 8
4601 5
4602 6
4603 5
4604 2
4605 4
4606 9
4607 6
4608 4
4609 3
4610 5
4611 5
4612 9
4613 1
4614 8
4615 7
4616 4
4617 0
4618 9
4619 5
4620 7
4621 1
4622 2
4623 7
4624 6
4625 6
4626 9
4627 2
4628 0
4629 3
4630 1
4631 7
4632 8
4633 2
4634 9
4635 1
4636 9
4637 9
4638 3
4639 6
4640 5
4641 3
4642 2
4643 7
4644 6
4645 1
4646 8
4647 2
4648 5
4649 7
4650 9
4651 7
4652 7
4653 1
4654 4
4655 8
4656 0
4657 2
4658 2
4659 4
4660 2
4661 5
4662 7
4663 0
4664 5
4665 4
4666 2
4667 3
4668 3
4669 8
4670 4
4671 8
4672 4
4673 1
4674 2
4675 3
4676 4
4677 3
4678 8
4679 6
4680 0
4681 4
4682 4
4683 6
4684 8
4685 0
4686 6
4687 7
4688 4
4689 4
4690 7
4691 5
4692 2
4693 6
4694 0
4695 8
4696 4
4697 8
4698 0
4699 7
4700 3
4701 4
4702 3
4703 1
4704 7
4705 7
4706 6
4707 1
4708 2
4709 5
4710 5
4711 5
4712 4
4713 4
4714 2
4715 4
4716 9
4717 3
4718 1
4719 6
4720 7
4721 9
4722 4
4723 8
4724 1
4725 1
4726 3
4727 4
4728 5
4729 6
4730 5
4731 0
4732 2
4733 8
4734 4
4735 7
4736 2
4737 6
4738 3
4739 5
4740 8
4741 7
4742 8
4743 6
4744 7
4745 7
4746 2
4747 6
4748 5
4749 6
4750 4
4751 0
4752 4
4753 2
4754 6
4755 7
4756 8
4757 1
4758 2
4759 1
4760 4
4761 2
4762 0
4763 6
4764 4
4765 1
4766 9
4767 3
4768 8
4769 8
4770 8
4771 0
4772 7
4773 3
4774 7
4775 8
4776 7
4777 0
4778 7
4779 1
4780 1
4781 6
4782 2
4783 1
4784 2
4785 1
4786 4
4787 8
4788 2
4789 6
4790 9
4791 0
4792 2
4793 2
4794 7
4795 6
4796 1
4797 9
4798 7
4799 5
4800 0
4801 0
4802 6
4803 9
4804 0
4805 7
4806 9
4807 9
4808 2
4809 5
4810 6
4811 3
4812 2
4813 2
4814 2
4815 6
4816 1
4817 4
4818 9
4819 1
4820 1
4821 9
4822 0
4823 6
4824 8
4825 3
4826 8
4827 4
4828 6
4829 9
4830 8
4831 2
4832 3
4833 9
4834 4
4835 0
4836 3
4837 8
4838 7
4839 1
4840 6
4841 1
4842 2
4843 3
4844 0
4845 3
4846 4
4847 0
4848 3
4849 9
4850 9
4851 3
4852 1
4853 0
4854 1
4855 2
4856 1
4857 1
4858 9
4859 5
4860 7
4861 7
4862 2
4863 5
4864 4
4865 6
4866 8
4867 4
4868 0
4869 7
4870 6
4871 5
4872 4
4873 3
4874 2
4875 5
4876 4
4877 4
4878 4
4879 8
4880 4
4881 6
4882 6
4883 4
4884 6
4885 1
4886 2
4887 0
4888 1
4889 2
4890 1
4891 0
4892 4
4893 6
4894 8
4895 3
4896 9
4897 6
4898 8
4899 8
4900 3
4901 0
4902 1
4903 0
4904 2
4905 5
4906 0
4907 5
4908 5
4909 4
4910 7
4911 8
4912 0
4913 3
4914 3
4915 2
4916 3
4917 6
4918 7
4919 5
4920 6
4921 8
4922 7
4923 7
4924 9
4925 5
4926 3
4927 8
4928 0
4929 0
4930 8
4931 7
4932 9
4933 8
4934 5
4935 6
4936 0
4937 4
4938 7
4939 1
4940 2
4941 4
4942 3
4943 6
4944 2
4945 7
4946 6
4947 6
4948 4
4949 4
4950 3
4951 3
4952 6
4953 2
4954 6
4955 9
4956 1
4957 9
4958 1
4959 1
4960 0
4961 6
4962 8
4963 1
4964 7
4965 9
4966 5
4967 5
4968 1
4969 9
4970 8
4971 4
4972 7
4973 3
4974 6
4975 8
4976 8
4977 6
4978 9
4979 0
4980 6
4981 3
4982 2
4983 4
4984 1
4985 3
4986 1
4987 9
4988 8
4989 2
4990 8
4991 9
4992 6
4993 2
4994 6
4995 8
4996 6
4997 8
4998 8
4999 5
5000 0

