
# This is the b037077.txt text file.
# A037077: Decimal expansion of upper limit of - 1^(1/1) + 2^(1/2) - 3^(1/3) + ... .  
# Dated 4 July 2011.



   0   1
   1   8
   2   7
   3   8
   4   5
   5   9
   6   6
   7   4
   8   2
   9   4
  10   6
  11   2
  12   0
  13   6
  14   7
  15   1
  16   2
  17   0
  18   2
  19   4
  20   8
  21   5
  22   1
  23   7
  24   9
  25   3
  26   4
  27   0
  28   5
  29   4
  30   2
  31   7
  32   3
  33   2
  34   3
  35   0
  36   0
  37   5
  38   5
  39   9
  40   0
  41   3
  42   0
  43   9
  44   4
  45   9
  46   0
  47   0
  48   1
  49   3
  50   8
  51   7
  52   8
  53   6
  54   1
  55   7
  56   2
  57   0
  58   0
  59   4
  60   6
  61   8
  62   4
  63   0
  64   8
  65   9
  66   4
  67   7
  68   7
  69   2
  70   3
  71   1
  72   5
  73   6
  74   4
  75   6
  76   6
  77   0
  78   2
  79   1
  80   3
  81   7
  82   0
  83   3
  84   2
  85   9
  86   6
  87   6
  88   5
  89   4
  90   4
  91   3
  92   3
  93   1
  94   0
  95   7
  96   4
  97   9
  98   6
  99   9
 100   0
 101   3
 102   8
 103   4
 104   2
 105   3
 106   4
 107   5
 108   8
 109   5
 110   6
 111   2
 112   5
 113   8
 114   0
 115   1
 116   9
 117   0
 118   6
 119   1
 120   2
 121   3
 122   1
 123   3
 124   7
 125   0
 126   0
 127   9
 128   4
 129   7
 130   5
 131   9
 132   2
 133   2
 134   6
 135   6
 136   3
 137   0
 138   4
 139   3
 140   8
 141   9
 142   2
 143   9
 144   3
 145   4
 146   8
 147   8
 148   9
 149   6
 150   1
 151   8
 152   4
 153   1
 154   2
 155   0
 156   8
 157   3
 158   7
 159   3
 160   3
 161   6
 162   6
 163   2
 164   6
 165   0
 166   8
 167   1
 168   6
 169   1
 170   3
 171   6
 172   0
 173   2
 174   7
 175   3
 176   8
 177   1
 178   2
 179   6
 180   3
 181   7
 182   9
 183   3
 184   7
 185   3
 186   4
 187   3
 188   5
 189   2
 190   8
 191   3
 192   2
 193   1
 194   2
 195   5
 196   5
 197   2
 198   7
 199   6
 200   3
 201   9
 202   6
 203   2
 204   1
 205   7
 206   1
 207   4
 208   8
 209   9
 210   3
 211   2
 212   1
 213   7
 214   0
 215   2
 216   0
 217   7
 218   6
 219   2
 220   8
 221   2
 222   0
 223   6
 224   2
 225   1
 226   7
 227   1
 228   5
 229   1
 230   6
 231   7
 232   1
 233   5
 234   4
 235   0
 236   8
 237   4
 238   1
 239   2
 240   6
 241   8
 242   0
 243   4
 244   4
 245   8
 246   3
 247   6
 248   3
 249   5
 250   4
 251   1
 252   6
 253   7
 254   1
 255   9
 256   9
 257   8
 258   5
 259   1
 260   9
 261   7
 262   6
 263   8
 264   0
 265   2
 266   5
 267   2
 268   7
 269   5
 270   9
 271   8
 272   9
 273   3
 274   8
 275   9
 276   9
 277   3
 278   9
 279   1
 280   4
 281   4
 282   5
 283   7
 284   9
 285   8
 286   3
 287   5
 288   0
 289   5
 290   5
 291   6
 292   1
 293   3
 294   5
 295   0
 296   9
 297   6
 298   4
 299   8
 300   3
 301   8
 302   3
 303   5
 304   7
 305   6
 306   7
 307   5
 308   3
 309   0
 310   2
 311   2
 312   1
 313   5
 314   2
 315   9
 316   5
 317   6
 318   6
 319   2
 320   4
 321   4
 322   1
 323   1
 324   2
 325   6
 326   4
 327   5
 328   0
 329   9
 330   4
 331   7
 332   1
 333   5
 334   7
 335   9
 336   2
 337   0
 338   8
 339   2
 340   6
 341   1
 342   9
 343   0
 344   1
 345   6
 346   5
 347   1
 348   7
 349   4
 350   6
 351   1
 352   7
 353   1
 354   0
 355   5
 356   6
 357   5
 358   8
 359   6
 360   2
 361   7
 362   9
 363   3
 364   3
 365   9
 366   0
 367   1
 368   5
 369   3
 370   1
 371   9
 372   2
 373   5
 374   8
 375   6
 376   0
 377   0
 378   1
 379   8
 380   8
 381   2
 382   4
 383   1
 384   3
 385   8
 386   0
 387   0
 388   0
 389   6
 390   8
 391   2
 392   7
 393   6
 394   3
 395   6
 396   1
 397   9
 398   3
 399   9
 400   9
 401   5
 402   4
 403   5
 404   3
 405   3
 406   0
 407   3
 408   0
 409   1
 410   1
 411   0
 412   7
 413   7
 414   6
 415   5
 416   9
 417   1
 418   1
 419   2
 420   7
 421   2
 422   6
 423   1
 424   8
 425   9
 426   7
 427   0
 428   3
 429   7
 430   8
 431   7
 432   5
 433   1
 434   1
 435   4
 436   3
 437   3
 438   2
 439   6
 440   7
 441   2
 442   8
 443   8
 444   9
 445   2
 446   2
 447   3
 448   0
 449   9
 450   3
 451   7
 452   0
 453   1
 454   4
 455   3
 456   1
 457   5
 458   3
 459   5
 460   5
 461   0
 462   2
 463   0
 464   1
 465   6
 466   4
 467   6
 468   1
 469   9
 470   9
 471   1
 472   0
 473   0
 474   7
 475   6
 476   5
 477   7
 478   8
 479   2
 480   7
 481   0
 482   8
 483   4
 484   5
 485   3
 486   9
 487   8
 488   7
 489   6
 490   8
 491   3
 492   3
 493   4
 494   9
 495   5
 496   1
 497   6
 498   6
 499   6
 500   8
 501   1
 502   4
 503   0
 504   7
 505   7
 506   2
 507   8
 508   6
 509   9
 510   8
 511   2
 512   8
 513   7
 514   6
 515   9
 516   5
 517   1
 518   9
 519   3
 520   4
 521   0
 522   0
 523   1
 524   1
 525   1
 526   9
 527   4
 528   2
 529   8
 530   1
 531   2
 532   0
 533   0
 534   0
 535   8
 536   8
 537   1
 538   5
 539   0
 540   2
 541   6
 542   7
 543   8
 544   7
 545   4
 546   1
 547   7
 548   2
 549   6
 550   0
 551   6
 552   1
 553   1
 554   8
 555   3
 556   3
 557   8
 558   5
 559   0
 560   7
 561   6
 562   9
 563   0
 564   5
 565   8
 566   0
 567   6
 568   9
 569   5
 570   5
 571   4
 572   0
 573   2
 574   5
 575   8
 576   8
 577   3
 578   6
 579   0
 580   1
 581   1
 582   6
 583   0
 584   2
 585   1
 586   1
 587   2
 588   1
 589   6
 590   8
 591   9
 592   7
 593   6
 594   9
 595   2
 596   1
 597   3
 598   9
 599   9
 600   1
 601   5
 602   5
 603   4
 604   0
 605   5
 606   1
 607   6
 608   7
 609   7
 610   5
 611   2
 612   8
 613   9
 614   9
 615   2
 616   8
 617   4
 618   1
 619   7
 620   7
 621   3
 622   8
 623   6
 624   4
 625   6
 626   0
 627   0
 628   9
 629   3
 630   3
 631   9
 632   8
 633   8
 634   4
 635   3
 636   2
 637   9
 638   6
 639   2
 640   8
 641   1
 642   9
 643   3
 644   6
 645   9
 646   1
 647   6
 648   1
 649   5
 650   3
 651   1
 652   6
 653   5
 654   5
 655   7
 656   4
 657   5
 658   9
 659   8
 660   0
 661   7
 662   5
 663   2
 664   2
 665   0
 666   7
 667   9
 668   8
 669   3
 670   0
 671   5
 672   4
 673   0
 674   9
 675   2
 676   8
 677   7
 678   2
 679   3
 680   5
 681   4
 682   6
 683   6
 684   5
 685   7
 686   1
 687   4
 688   7
 689   0
 690   1
 691   0
 692   2
 693   3
 694   9
 695   9
 696   0
 697   5
 698   5
 699   8
 700   1
 701   8
 702   8
 703   1
 704   0
 705   9
 706   2
 707   0
 708   8
 709   4
 710   8
 711   7
 712   9
 713   4
 714   0
 715   1
 716   6
 717   5
 718   9
 719   1
 720   8
 721   6
 722   2
 723   2
 724   4
 725   1
 726   3
 727   2
 728   9
 729   5
 730   2
 731   3
 732   8
 733   5
 734   4
 735   0
 736   8
 737   4
 738   2
 739   3
 740   3
 741   6
 742   9
 743   6
 744   2
 745   3
 746   3
 747   8
 748   6
 749   0
 750   7
 751   1
 752   7
 753   4
 754   7
 755   3
 756   1
 757   9
 758   9
 759   2
 760   5
 761   0
 762   5
 763   9
 764   3
 765   1
 766   5
 767   6
 768   1
 769   4
 770   4
 771   2
 772   7
 773   0
 774   1
 775   2
 776   8
 777   9
 778   8
 779   9
 780   1
 781   4
 782   9
 783   4
 784   1
 785   7
 786   8
 787   7
 788   9
 789   8
 790   4
 791   4
 792   9
 793   6
 794   5
 795   3
 796   5
 797   2
 798   4
 799   0
 800   9
 801   0
 802   2
 803   7
 804   5
 805   3
 806   4
 807   1
 808   9
 809   7
 810   2
 811   4
 812   8
 813   4
 814   9
 815   0
 816   0
 817   1
 818   6
 819   3
 820   1
 821   9
 822   2
 823   8
 824   3
 825   4
 826   4
 827   6
 828   7
 829   7
 830   0
 831   5
 832   1
 833   8
 834   6
 835   1
 836   5
 837   2
 838   3
 839   3
 840   3
 841   1
 842   1
 843   8
 844   4
 845   2
 846   1
 847   6
 848   3
 849   2
 850   6
 851   3
 852   7
 853   5
 854   3
 855   7
 856   0
 857   7
 858   5
 859   5
 860   7
 861   1
 862   2
 863   0
 864   3
 865   3
 866   1
 867   1
 868   8
 869   9
 870   0
 871   1
 872   2
 873   0
 874   1
 875   1
 876   0
 877   1
 878   9
 879   5
 880   1
 881   0
 882   6
 883   7
 884   2
 885   8
 886   8
 887   5
 888   7
 889   9
 890   3
 891   8
 892   1
 893   5
 894   8
 895   3
 896   8
 897   0
 898   7
 899   7
 900   4
 901   7
 902   7
 903   8
 904   0
 905   3
 906   9
 907   4
 908   5
 909   5
 910   9
 911   5
 912   9
 913   9
 914   2
 915   3
 916   3
 917   6
 918   4
 919   4
 920   3
 921   5
 922   2
 923   9
 924   7
 925   7
 926   0
 927   9
 928   6
 929   1
 930   8
 931   6
 932   7
 933   2
 934   4
 935   3
 936   1
 937   1
 938   6
 939   2
 940   2
 941   7
 942   4
 943   7
 944   3
 945   9
 946   7
 947   6
 948   6
 949   5
 950   9
 951   9
 952   6
 953   9
 954   2
 955   3
 956   6
 957   4
 958   1
 959   5
 960   5
 961   0
 962   3
 963   1
 964   1
 965   3
 966   7
 967   0
 968   0
 969   8
 970   4
 971   2
 972   6
 973   3
 974   4
 975   2
 976   6
 977   5
 978   9
 979   0
 980   0
 981   8
 982   2
 983   6
 984   8
 985   7
 986   7
 987   5
 988   9
 989   2
 990   6
 991   5
 992   3
 993   5
 994   3
 995   4
 996   7
 997   9
 998   3
 999   8
1000   6

 
 
