# A065478 (b-file synthesized from sequence entry)
0 5
1 7
2 5
3 9
4 5
5 9
6 9
7 6
8 8
9 8
10 9
11 2
12 9
13 4
14 5
15 4
16 3
17 9
18 6
19 4
20 3
21 1
22 6
23 3
24 3
25 7
26 5
27 4
28 9
29 2
30 4
31 9
32 6
33 6
34 9
35 2
36 5
37 0
38 6
39 5
40 1
41 3
42 9
43 6
44 7
45 1
46 7
47 6
48 4
49 9
50 2
51 3
52 6
53 3
54 6
55 0
56 0
57 6
58 4
59 0
60 7
61 9
62 8
63 6
64 6
65 5
66 3
67 7
68 2
69 5
70 5
71 1
72 6
73 9
74 8
75 8
76 6
77 8
78 5
79 2
80 8
81 4
82 3
83 6
84 4
85 0
86 9
87 8
88 7
89 2
90 0
91 9
92 1
93 7
94 2
95 6
96 1
97 8
