
# This is the b112302.txt text file.
# A112302: Decimal expansion of sqrt(1*sqrt(2*sqrt(3*sqrt(4*...)))).
# Revised as of 28 October 2010.



   1   1
   2   6
   3   6
   4   1
   5   6
   6   8
   7   7
   8   9
   9   4
  10   9
  11   6
  12   3
  13   3
  14   5
  15   9
  16   4
  17   1
  18   2
  19   1
  20   2
  21   9
  22   5
  23   8
  24   1
  25   8
  26   9
  27   2
  28   2
  29   7
  30   4
  31   9
  32   9
  33   5
  34   0
  35   7
  36   4
  37   9
  38   9
  39   6
  40   4
  41   4
  42   1
  43   8
  44   6
  45   3
  46   5
  47   0
  48   2
  49   5
  50   0
  51   6
  52   8
  53   2
  54   0
  55   8
  56   1
  57   8
  58   9
  59   7
  60   1
  61   1
  62   1
  63   6
  64   8
  65   0
  66   2
  67   5
  68   6
  69   0
  70   9
  71   0
  72   2
  73   9
  74   8
  75   2
  76   6
  77   3
  78   8
  79   3
  80   7
  81   2
  82   7
  83   9
  84   0
  85   8
  86   3
  87   6
  88   9
  89   1
  90   7
  91   6
  92   4
  93   1
  94   1
  95   4
  96   6
  97   1
  98   1
  99   6
 100   7
 101   1
 102   5
 103   5
 104   2
 105   8
 106   1
 107   3
 108   4
 109   5
 110   5
 111   0
 112   9
 113   9
 114   1
 115   1
 116   8
 117   1
 118   5
 119   9
 120   9
 121   7
 122   9
 123   5
 124   2
 125   7
 126   6
 127   8
 128   2
 129   8
 130   1
 131   7
 132   1
 133   7
 134   3
 135   6
 136   8
 137   1
 138   2
 139   3
 140   7
 141   7
 142   4
 143   6
 144   3
 145   1
 146   4
 147   2
 148   8
 149   3
 150   8
 151   3
 152   7
 153   1
 154   6
 155   1
 156   1
 157   1
 158   4
 159   9
 160   2
 161   2
 162   4
 163   6
 164   0
 165   8
 166   8
 167   8
 168   4
 169   0
 170   6
 171   0
 172   0
 173   0
 174   4
 175   9
 176   4
 177   0
 178   6
 179   6
 180   1
 181   9
 182   4
 183   3
 184   8
 185   7
 186   1
 187   5
 188   7
 189   3
 190   1
 191   9
 192   2
 193   1
 194   8
 195   0
 196   8
 197   2
 198   7
 199   0
 200   8
 201   5
 202   1
 203   1
 204   2
 205   6
 206   9
 207   3
 208   4
 209   5
 210   3
 211   1
 212   9
 213   8
 214   2
 215   6
 216   4
 217   6
 218   4
 219   3
 220   8
 221   7
 222   3
 223   8
 224   2
 225   5
 226   1
 227   4
 228   7
 229   9
 230   3
 231   9
 232   2
 233   8
 234   3
 235   8
 236   3
 237   8
 238   5
 239   3
 240   9
 241   2
 242   9
 243   9
 244   4
 245   1
 246   7
 247   1
 248   0
 249   4
 250   7
 251   6
 252   1
 253   6
 254   1
 255   6
 256   5
 257   9
 258   5
 259   2
 260   3
 261   4
 262   8
 263   1
 264   2
 265   1
 266   4
 267   1
 268   6
 269   8
 270   5
 271   9
 272   9
 273   7
 274   8
 275   4
 276   3
 277   1
 278   4
 279   1
 280   4
 281   9
 282   1
 283   4
 284   9
 285   9
 286   1
 287   2
 288   0
 289   8
 290   4
 291   3
 292   6
 293   5
 294   4
 295   0
 296   1
 297   2
 298   3
 299   6
 300   0
 301   8
 302   4
 303   7
 304   8
 305   4
 306   4
 307   0
 308   9
 309   8
 310   9
 311   7
 312   3
 313   5
 314   2
 315   5
 316   2
 317   5
 318   9
 319   0
 320   2
 321   8
 322   9
 323   0
 324   3
 325   4
 326   2
 327   8
 328   9
 329   5
 330   5
 331   3
 332   2
 333   7
 334   8
 335   9
 336   7
 337   5
 338   0
 339   1
 340   3
 341   4
 342   0
 343   2
 344   1
 345   0
 346   4
 347   5
 348   4
 349   2
 350   7
 351   1
 352   3
 353   3
 354   8
 355   9
 356   1
 357   3
 358   9
 359   0
 360   0
 361   6
 362   6
 363   6
 364   7
 365   6
 366   0
 367   0
 368   4
 369   5
 370   1
 371   9
 372   9
 373   2
 374   6
 375   2
 376   9
 377   6
 378   8
 379   6
 380   8
 381   0
 382   3
 383   2
 384   4
 385   9
 386   9
 387   4
 388   9
 389   4
 390   9
 391   6
 392   4
 393   7
 394   2
 395   1
 396   6
 397   5
 398   3
 399   2
 400   3
 401   4
 402   0
 403   2
 404   0
 405   8
 406   4
 407   4
 408   5
 409   1
 410   8
 411   1
 412   0
 413   4
 414   2
 415   9
 416   9
 417   8
 418   7
 419   9
 420   0
 421   8
 422   1
 423   2
 424   6
 425   4
 426   0
 427   3
 428   1
 429   7
 430   7
 431   5
 432   6
 433   2
 434   1
 435   6
 436   9
 437   7
 438   0
 439   6
 440   3
 441   8
 442   3
 443   8
 444   4
 445   5
 446   5
 447   9
 448   6
 449   9
 450   2
 451   4
 452   8
 453   5
 454   1
 455   3
 456   7
 457   7
 458   4
 459   7
 460   5
 461   4
 462   3
 463   2
 464   1
 465   3
 466   8
 467   1
 468   5
 469   1
 470   8
 471   9
 472   8
 473   3
 474   6
 475   3
 476   7
 477   8
 478   7
 479   2
 480   4
 481   5
 482   4
 483   9
 484   0
 485   5
 486   1
 487   1
 488   6
 489   0
 490   7
 491   0
 492   6
 493   6
 494   2
 495   7
 496   8
 497   3
 498   9
 499   3
 500   1
 501   0
 502   8
 503   9
 504   0
 505   1
 506   2
 507   7
 508   3
 509   9
 510   8
 511   3
 512   3
 513   6
 514   4
 515   9
 516   3
 517   3
 518   4
 519   4
 520   5
 521   9
 522   9
 523   8
 524   5
 525   9
 526   0
 527   2
 528   1
 529   6
 530   8
 531   7
 532   4
 533   9
 534   4
 535   1
 536   3
 537   5
 538   3
 539   2
 540   8
 541   9
 542   5
 543   9
 544   9
 545   0
 546   4
 547   6
 548   6
 549   1
 550   6
 551   5
 552   4
 553   1
 554   0
 555   9
 556   4
 557   8
 558   1
 559   0
 560   8
 561   0
 562   5
 563   6
 564   0
 565   1
 566   6
 567   0
 568   7
 569   0
 570   6
 571   6
 572   9
 573   3
 574   6
 575   4
 576   3
 577   4
 578   9
 579   7
 580   7
 581   7
 582   3
 583   0
 584   4
 585   5
 586   9
 587   8
 588   0
 589   6
 590   8
 591   9
 592   3
 593   3
 594   5
 595   4
 596   2
 597   4
 598   9
 599   1
 600   8
 601   6
 602   0
 603   8
 604   3
 605   5
 606   1
 607   7
 608   1
 609   1
 610   3
 611   6
 612   5
 613   3
 614   7
 615   1
 616   7
 617   2
 618   4
 619   7
 620   7
 621   8
 622   6
 623   4
 624   4
 625   7
 626   5
 627   4
 628   3
 629   9
 630   5
 631   8
 632   3
 633   8
 634   6
 635   3
 636   8
 637   9
 638   2
 639   6
 640   0
 641   5
 642   3
 643   4
 644   9
 645   1
 646   3
 647   9
 648   1
 649   0
 650   4
 651   9
 652   8
 653   2
 654   8
 655   1
 656   0
 657   4
 658   6
 659   3
 660   1
 661   1
 662   2
 663   9
 664   8
 665   6
 666   0
 667   9
 668   9
 669   8
 670   6
 671   0
 672   8
 673   4
 674   8
 675   2
 676   6
 677   4
 678   9
 679   3
 680   9
 681   2
 682   4
 683   1
 684   6
 685   6
 686   9
 687   2
 688   9
 689   1
 690   9
 691   1
 692   1
 693   8
 694   3
 695   7
 696   6
 697   7
 698   5
 699   6
 700   4
 701   8
 702   3
 703   2
 704   3
 705   3
 706   1
 707   0
 708   6
 709   7
 710   4
 711   0
 712   3
 713   2
 714   0
 715   5
 716   7
 717   5
 718   9
 719   3
 720   4
 721   2
 722   0
 723   3
 724   8
 725   7
 726   1
 727   4
 728   0
 729   9
 730   9
 731   6
 732   9
 733   6
 734   2
 735   3
 736   4
 737   3
 738   0
 739   6
 740   9
 741   5
 742   5
 743   9
 744   1
 745   6
 746   5
 747   0
 748   9
 749   7
 750   0
 751   1
 752   3
 753   9
 754   9
 755   1
 756   6
 757   4
 758   0
 759   3
 760   4
 761   9
 762   9
 763   4
 764   3
 765   5
 766   5
 767   4
 768   3
 769   2
 770   4
 771   6
 772   5
 773   8
 774   0
 775   3
 776   2
 777   4
 778   5
 779   0
 780   1
 781   8
 782   4
 783   0
 784   3
 785   2
 786   5
 787   9
 788   8
 789   4
 790   6
 791   6
 792   1
 793   1
 794   6
 795   4
 796   6
 797   4
 798   2
 799   8
 800   2
 801   2
 802   0
 803   7
 804   8
 805   8
 806   0
 807   6
 808   1
 809   5
 810   7
 811   1
 812   3
 813   1
 814   2
 815   4
 816   1
 817   9
 818   6
 819   9
 820   9
 821   1
 822   8
 823   2
 824   6
 825   9
 826   1
 827   1
 828   0
 829   5
 830   0
 831   2
 832   5
 833   5
 834   6
 835   0
 836   4
 837   5
 838   6
 839   9
 840   8
 841   8
 842   9
 843   9
 844   0
 845   7
 846   0
 847   4
 848   9
 849   7
 850   5
 851   1
 852   3
 853   9
 854   2
 855   9
 856   4
 857   4
 858   6
 859   2
 860   1
 861   3
 862   5
 863   6
 864   9
 865   3
 866   3
 867   8
 868   7
 869   3
 870   1
 871   0
 872   6
 873   9
 874   8
 875   6
 876   0
 877   7
 878   1
 879   0
 880   7
 881   0
 882   3
 883   6
 884   5
 885   4
 886   9
 887   3
 888   7
 889   9
 890   9
 891   6
 892   2
 893   1
 894   0
 895   3
 896   3
 897   8
 898   9
 899   5
 900   5
 901   3
 902   1
 903   7
 904   3
 905   8
 906   9
 907   2
 908   8
 909   4
 910   6
 911   4
 912   8
 913   7
 914   5
 915   5
 916   9
 917   8
 918   7
 919   6
 920   1
 921   8
 922   4
 923   6
 924   3
 925   5
 926   1
 927   2
 928   9
 929   3
 930   5
 931   7
 932   0
 933   7
 934   0
 935   2
 936   6
 937   6
 938   5
 939   1
 940   4
 941   4
 942   1
 943   7
 944   2
 945   1
 946   0
 947   1
 948   4
 949   8
 950   9
 951   8
 952   5
 953   9
 954   7
 955   4
 956   7
 957   5
 958   1
 959   1
 960   9
 961   0
 962   8
 963   4
 964   9
 965   0
 966   5
 967   1
 968   2
 969   7
 970   4
 971   8
 972   1
 973   5
 974   9
 975   4
 976   5
 977   9
 978   2
 979   2
 980   3
 981   1
 982   5
 983   6
 984   9
 985   1
 986   0
 987   1
 988   8
 989   0
 990   6
 991   1
 992   8
 993   9
 994   3
 995   1
 996   5
 997   9
 998   1
 999   0
1000   1
1001   9
1002   8
1003   9
1004   4
1005   5
1006   3
1007   7
1008   2
1009   5
1010   3
1011   6
