1 1
2 2
3 8
4 2
5 4
6 2
7 7
8 1
9 2
10 9
11 1
12 0
13 0
14 6
15 2
16 2
17 6
18 3
19 6
20 8
21 7
22 5
23 3
24 4
25 2
26 5
27 6
28 8
29 8
30 6
31 9
32 7
33 9
34 1
35 7
36 2
37 7
38 7
39 6
40 7
41 6
42 8
43 8
44 9
45 2
46 7
47 3
48 2
49 5
50 0
51 0
52 1
53 1
54 9
55 2
56 0
57 6
58 3
59 7
60 4
61 0
62 0
63 2
64 1
65 7
66 4
67 0
68 4
69 0
70 6
71 3
72 0
73 8
74 8
75 5
76 8
77 8
78 2
79 6
80 4
81 6
82 1
83 1
84 2
85 9
86 7
87 3
88 6
89 4
90 9
91 1
92 9
93 5
94 8
95 2
96 0
97 2
98 3
99 7
100 4
101 3
102 9
103 4
104 2
105 0
106 6
107 4
108 6
109 1
110 2
111 0
112 3
113 9
114 9
115 0
116 0
117 0
118 7
119 4
120 8
121 9
122 3
123 3
124 1
125 5
126 7
127 7
128 9
129 1
130 3
131 6
132 2
133 7
134 7
135 5
136 2
137 8
138 0
139 4
140 0
141 4
142 1
143 5
144 9
145 0
146 7
147 2
148 5
149 7
150 3
151 8
152 6
153 1
154 7
155 2
156 7
157 5
158 2
159 2
160 1
161 4
162 3
163 3
164 4
165 3
166 2
167 7
168 1
169 4
170 3
171 4
172 3
173 9
174 7
175 8
176 7
177 3
178 3
179 5
180 0
181 6
182 7
183 9
184 1
185 5
186 2
187 5
188 7
189 3
190 6
191 6
192 8
193 5
194 6
195 9
196 0
197 7
198 8
199 7
200 6
201 5
202 6
203 1
204 1
205 4
206 6
207 6
208 8
209 6
210 4
211 4
212 9
213 9
214 9
215 7
216 7
217 8
218 4
219 9
220 6
221 2
222 7
223 5
224 4
225 5
226 1
227 8
228 1
229 7
230 4
231 3
232 1
233 2
234 3
235 9
236 4
237 6
238 5
239 2
240 7
241 6
242 1
243 2
244 8
245 2
246 1
247 3
248 8
249 0
250 8
251 1
252 8
253 0
254 2
255 1
256 9
257 2
258 6
259 4
260 5
261 1
262 6
263 8
264 5
265 1
266 5
267 4
268 6
269 1
270 4
271 3
272 9
273 1
274 9
275 9
276 0
277 1
278 0
279 8
280 3
281 5
282 7
283 3
284 7
285 3
286 0
287 7
288 0
289 3
290 5
291 0
292 4
293 9
294 0
295 3
296 8
297 8
298 8
299 1
300 2
301 3
302 4
303 1
304 8
305 8
306 1
307 3
308 6
309 7
310 4
311 9
312 7
313 8
314 1
315 3
316 3
317 0
318 5
319 0
320 9
321 3
322 7
323 7
324 0
325 8
326 3
327 3
328 6
329 8
330 2
331 2
332 2
333 2
334 4
335 9
336 4
337 1
338 1
339 5
340 8
341 7
342 4
343 8
344 3
345 7
346 3
347 4
348 8
349 0
350 6
351 4
352 3
353 9
354 9
355 9
356 7
357 8
358 8
359 3
360 0
361 0
362 7
363 0
364 1
365 2
366 5
367 5
368 6
369 7
370 0
371 0
372 1
373 2
374 8
375 6
376 9
377 9
378 4
379 1
380 5
381 7
382 7
383 0
384 5
385 4
386 3
387 2
388 0
389 5
390 3
391 9
392 2
393 7
394 5
395 8
396 5
397 4
398 0
399 5
400 8
401 1
402 7
403 3
404 1
405 5
406 8
407 8
408 1
409 5
410 5
411 4
412 8
413 1
414 7
415 6
416 2
417 9
418 7
419 0
420 3
421 8
422 4
423 7
424 4
425 3
426 2
427 5
428 0
429 4
430 6
431 7
432 7
433 7
434 5
435 1
436 4
437 7
438 3
439 7
440 4
441 6
442 0
443 0
444 0
445 3
446 1
447 6
448 1
449 6
450 0
451 2
452 3
453 0
454 4
455 6
456 6
457 1
458 3
459 2
460 9
461 6
462 3
463 4
464 2
465 9
466 9
467 1
468 5
469 5
470 8
471 0
472 9
473 5
474 8
475 7
476 9
477 2
478 9
479 3
480 3
481 6
482 3
483 4
484 3
485 8
486 8
487 7
488 2
489 8
490 8
491 7
492 0
493 1
494 9
495 8
496 8
497 9
498 5
499 3
500 4
501 6
502 0
503 7
504 2
505 5
506 2
507 3
508 3
509 1
510 8
511 4
512 7
513 0
514 2
515 4
516 8
517 9
518 0
519 0
520 1
521 0
522 9
523 1
524 7
525 7
526 6
527 9
528 4
529 1
530 7
531 1
532 2
533 1
534 5
535 3
536 5
537 6
538 9
539 1
540 9
541 3
542 6
543 7
544 4
545 9
546 6
547 7
548 2
549 6
550 1
551 2
552 7
553 0
554 3
555 9
556 8
557 0
558 1
559 3
560 5
561 2
562 6
563 5
564 2
565 6
566 6
567 8
568 8
569 6
570 8
571 9
572 7
573 8
574 2
575 1
576 8
577 8
578 9
579 7
580 4
581 0
582 1
583 7
584 2
585 9
586 3
587 7
588 5
589 8
590 4
591 0
592 7
593 5
594 0
595 1
596 6
597 7
598 4
599 7
600 2
601 1
602 1
603 4
604 8
605 9
606 5
607 2
608 8
609 8
610 8
611 1
612 5
613 9
614 9
615 6
616 6
617 6
618 8
619 7
620 4
621 3
622 1
623 6
624 4
625 5
626 1
627 3
628 8
629 9
630 0
631 3
632 0
633 6
634 9
635 6
636 2
637 6
638 4
639 5
640 5
641 9
642 8
643 7
644 0
645 4
646 6
647 9
648 5
649 4
650 3
651 7
652 4
653 0
654 2
655 5
656 3
657 0
658 9
659 9
660 6
661 0
662 6
663 8
664 0
665 0
666 8
667 4
668 2
669 4
670 4
671 7
672 4
673 1
674 7
675 5
676 5
677 4
678 0
679 6
680 1
681 4
682 9
683 0
684 1
685 8
686 9
687 4
688 4
689 4
690 1
691 3
692 9
693 3
694 8
695 6
696 1
697 9
698 6
699 0
700 8
701 9
702 1
703 2
704 9
705 6
706 8
707 2
708 1
709 7
710 3
711 5
712 2
713 8
714 7
715 9
716 8
717 6
718 2
719 9
720 8
721 8
722 4
723 3
724 4
725 2
726 2
727 0
728 3
729 6
730 6
731 9
732 8
733 9
734 9
735 0
736 0
737 6
738 0
739 6
740 9
741 8
742 0
743 8
744 8
745 8
746 7
747 8
748 5
749 8
750 4
751 9
752 5
753 8
754 7
755 4
756 9
757 4
758 0
759 8
760 5
761 3
762 0
763 7
764 3
765 4
766 7
767 1
768 1
769 7
770 0
771 9
772 0
773 1
774 3
775 2
776 6
777 6
778 7
779 5
780 6
781 7
782 5
783 0
784 3
785 3
786 1
787 0
788 5
789 2
790 3
791 4
792 0
793 5
794 2
795 2
796 1
797 0
798 5
799 4
800 1
801 4
802 1
803 7
804 6
805 7
806 7
807 6
808 1
809 5
810 6
811 3
812 0
813 8
814 1
815 9
816 1
817 9
818 1
819 9
820 9
821 9
822 7
823 1
824 8
825 5
826 2
827 3
828 7
829 0
830 4
831 7
832 7
833 6
834 1
835 3
836 1
837 2
838 3
839 1
840 5
841 3
842 7
843 4
844 1
845 3
846 5
847 3
848 0
849 4
850 7
851 2
852 5
853 8
854 1
855 9
856 8
857 1
858 4
859 7
860 9
861 7
862 4
863 5
864 1
865 7
866 6
867 1
868 0
869 2
870 7
871 5
872 4
873 0
874 8
875 3
876 4
877 9
878 4
879 3
880 1
881 4
882 3
883 8
884 4
885 9
886 6
887 5
888 2
889 3
890 4
891 1
892 3
893 9
894 4
895 5
896 3
897 3
898 7
899 3
900 0
901 6
902 5
903 8
904 3
905 2
906 3
907 2
908 5
909 6
910 7
911 3
912 9
913 5
914 4
915 9
916 5
917 7
918 6
919 0
920 1
921 6
922 9
923 2
924 2
925 5
926 6
927 4
928 2
929 7
930 7
931 3
932 6
933 9
934 2
935 6
936 3
937 5
938 8
939 8
940 2
941 1
942 6
943 9
944 2
945 1
946 5
947 9
948 8
949 7
950 0
951 7
952 7
953 5
954 8
955 5
956 8
957 2
958 7
959 4
960 6
961 9
962 5
963 7
964 5
965 1
966 6
967 2
968 8
969 4
970 1
971 5
972 5
973 0
974 6
975 4
976 8
977 5
978 8
979 5
980 8
981 9
982 0
983 8
984 3
985 4
986 1
987 2
988 8
989 2
990 2
991 7
992 5
993 5
994 6
995 2
996 0
997 9
998 5
999 4
1000 7
1001 0
1002 0
1003 2
1004 9
1005 1
1006 8
1007 5
1008 9
1009 3
1010 2
1011 6
1012 3
1013 0
1014 7
1015 9
1016 3
1017 7
1018 3
1019 3
1020 7
1021 6
1022 9
1023 4
1024 2
1025 0
1026 7
1027 7
1028 5
1029 2
1030 2
1031 2
1032 9
1033 0
1034 9
1035 4
1036 0
1037 1
1038 8
1039 7
1040 0
1041 8
1042 6
1043 9
1044 5
1045 1
1046 9
1047 5
1048 7
1049 3
1050 7
1051 8
1052 0
1053 7
1054 1
1055 1
1056 3
1057 0
1058 9
1059 6
1060 6
1061 7
1062 3
1063 5
1064 1
1065 7
1066 7
1067 0
1068 3
1069 0
1070 0
1071 1
1072 9
1073 9
1074 7
1075 6
1076 1
1077 9
1078 1
1079 6
1080 2
1081 8
1082 4
1083 1
1084 0
1085 2
1086 6
1087 2
1088 3
1089 7
1090 5
1091 2
1092 7
1093 2
1094 6
1095 8
1096 1
1097 6
1098 3
1099 7
1100 8
1101 2
1102 2
1103 9
1104 0
1105 3
1106 3
1107 7
1108 3
1109 4
1110 3
1111 6
1112 2
1113 5
1114 8
1115 0
1116 4
1117 9
1118 4
1119 4
1120 2
1121 8
1122 6
1123 8
1124 0
1125 5
1126 3
1127 4
1128 0
1129 3
1130 2
1131 7
1132 3
1133 2
1134 0
1135 4
1136 2
1137 9
1138 0
1139 0
1140 8
1141 4
1142 6
1143 3
1144 8
1145 8
1146 3
1147 9
1148 1
1149 1
1150 2
1151 1
1152 4
1153 4
1154 3
1155 2
1156 6
1157 8
1158 6
1159 4
1160 5
1161 9
1162 0
1163 7
1164 6
1165 9
1166 5
1167 3
1168 2
1169 2
1170 1
1171 5
1172 9
1173 8
1174 6
1175 1
1176 3
1177 6
1178 6
1179 3
1180 4
1181 4
1182 4
1183 4
1184 2
1185 0
1186 3
1187 3
1188 5
1189 5
1190 4
1191 9
1192 3
1193 4
1194 5
1195 9
1196 5
1197 4
1198 7
1199 3
1200 8
1201 2
1202 1
1203 7
1204 1
1205 1
1206 5
1207 9
1208 1
1209 7
1210 4
1211 5
1212 6
1213 0
1214 4
1215 1
1216 0
1217 1
1218 0
1219 0
1220 2
1221 9
1222 3
1223 0
1224 4
1225 9
1226 2
1227 6
1228 2
1229 5
1230 1
1231 1
1232 2
1233 7
1234 6
1235 0
1236 5
1237 1
1238 1
1239 4
1240 3
1241 6
1242 1
1243 6
1244 8
1245 8
1246 2
1247 2
1248 6
1249 1
1250 7
1251 8
1252 3
1253 8
1254 7
1255 0
1256 6
1257 5
1258 2
1259 0
1260 0
1261 5
1262 2
1263 5
1264 4
1265 7
1266 6
1267 9
1268 6
1269 3
1270 1
1271 1
1272 2
1273 0
1274 7
1275 9
1276 7
1277 3
1278 6
1279 5
1280 7
1281 0
1282 3
1283 5
1284 7
1285 2
1286 8
1287 2
1288 6
1289 6
1290 3
1291 8
1292 4
1293 4
1294 5
1295 7
1296 8
1297 9
1298 9
1299 2
1300 8
1301 0
1302 6
1303 3
1304 1
1305 6
1306 9
1307 4
1308 2
1309 4
1310 2
1311 4
1312 5
1313 1
1314 9
1315 5
1316 4
1317 9
1318 8
1319 8
1320 1
1321 5
1322 1
1323 3
1324 2
1325 5
1326 3
1327 6
1328 6
1329 6
1330 9
1331 2
1332 1
1333 6
1334 1
1335 2
1336 5
1337 2
1338 0
1339 0
1340 1
1341 7
1342 0
1343 8
1344 1
1345 0
1346 6
1347 1
1348 1
1349 6
1350 0
1351 1
1352 8
1353 6
1354 1
1355 0
1356 6
1357 7
1358 1
1359 0
1360 0
1361 4
1362 2
1363 3
1364 2
1365 4
1366 1
1367 8
1368 4
1369 1
1370 7
1371 5
1372 1
1373 3
1374 3
1375 7
1376 7
1377 4
1378 0
1379 4
1380 3
1381 4
1382 8
1383 1
1384 1
1385 7
1386 6
1387 9
1388 9
1389 5
1390 6
1391 3
1392 7
1393 8
1394 0
1395 8
1396 2
1397 7
1398 2
1399 1
1400 4
1401 9
1402 5
1403 0
1404 0
1405 2
1406 6
1407 5
1408 0
1409 7
1410 3
1411 9
1412 7
1413 9
1414 6
1415 9
1416 1
1417 4
1418 4
1419 1
1420 5
1421 9
1422 5
1423 0
1424 8
1425 2
1426 6
1427 7
1428 9
1429 1
1430 4
1431 0
1432 1
1433 3
1434 8
1435 1
1436 6
1437 3
1438 5
1439 5
1440 8
1441 9
1442 2
1443 6
1444 4
1445 7
1446 9
1447 5
1448 0
1449 0
1450 1
1451 2
1452 2
1453 9
1454 4
1455 8
1456 0
1457 4
1458 7
1459 7
1460 0
1461 9
1462 6
1463 4
1464 8
1465 1
1466 6
1467 7
1468 1
1469 4
1470 4
1471 6
1472 2
1473 9
1474 4
1475 7
1476 1
1477 3
1478 5
1479 8
1480 5
1481 9
1482 8
1483 8
1484 3
1485 1
1486 0
1487 1
1488 3
1489 6
1490 3
1491 4
1492 6
1493 1
1494 7
1495 5
1496 6
1497 9
1498 4
1499 5
1500 1
1501 4
1502 9
1503 2
1504 7
1505 2
1506 0
1507 2
1508 3
1509 5
1510 2
1511 8
1512 3
1513 2
1514 8
1515 9
1516 5
1517 9
1518 3
1519 0
1520 3
1521 8
1522 1
1523 5
1524 9
1525 2
1526 3
1527 9
1528 5
1529 5
1530 4
1531 2
1532 1
1533 8
1534 7
1535 6
1536 0
1537 1
1538 9
1539 2
1540 9
1541 1
1542 6
1543 2
1544 5
1545 6
1546 2
1547 7
1548 3
1549 8
1550 3
1551 2
1552 3
1553 1
1554 5
1555 8
1556 4
1557 9
1558 0
1559 1
1560 6
1561 9
1562 3
1563 3
1564 1
1565 0
1566 3
1567 9
1568 2
1569 6
1570 5
1571 1
1572 8
1573 4
1574 8
1575 9
1576 9
1577 6
1578 7
1579 9
1580 7
1581 9
1582 0
1583 3
1584 2
1585 1
1586 4
1587 8
1588 1
1589 6
1590 9
1591 1
1592 0
1593 2
1594 3
1595 1
1596 5
1597 4
1598 9
1599 6
1600 9
1601 8
1602 0
1603 3
1604 6
1605 9
1606 3
1607 2
1608 1
1609 0
1610 9
1611 1
1612 1
1613 7
1614 2
1615 9
1616 5
1617 2
1618 2
1619 4
1620 8
1621 8
1622 4
1623 7
1624 4
1625 3
1626 0
1627 5
1628 0
1629 5
1630 5
1631 0
1632 2
1633 5
1634 2
1635 8
1636 0
1637 9
1638 4
1639 9
1640 7
1641 0
1642 0
1643 7
1644 3
1645 2
1646 2
1647 5
1648 6
1649 7
1650 4
1651 7
1652 7
1653 1
1654 1
1655 0
1656 3
1657 9
1658 6
1659 5
1660 9
1661 5
1662 4
1663 1
1664 7
1665 1
1666 3
1667 5
1668 5
1669 4
1670 8
1671 6
1672 9
1673 2
1674 8
1675 4
1676 5
1677 5
1678 9
1679 7
1680 9
1681 2
1682 9
1683 3
1684 4
1685 1
1686 0
1687 9
1688 8
1689 7
1690 3
1691 7
1692 5
1693 3
1694 7
1695 6
1696 5
1697 2
1698 5
1699 1
1700 2
1701 5
1702 1
1703 2
1704 6
1705 6
1706 1
1707 2
1708 2
1709 5
1710 4
1711 0
1712 3
1713 6
1714 5
1715 4
1716 8
1717 8
1718 0
1719 0
1720 3
1721 2
1722 2
1723 6
1724 6
1725 0
1726 0
1727 2
1728 9
1729 3
1730 3
1731 2
1732 6
1733 2
1734 5
1735 3
1736 7
1737 9
1738 5
1739 9
1740 1
1741 6
1742 3
1743 4
1744 7
1745 3
1746 4
1747 6
1748 8
1749 2
1750 7
1751 1
1752 7
1753 5
1754 8
1755 6
1756 1
1757 8
1758 1
1759 6
1760 9
1761 1
1762 5
1763 0
1764 4
1765 6
1766 9
1767 2
1768 0
1769 0
1770 7
1771 4
1772 0
1773 8
1774 3
1775 8
1776 1
1777 1
1778 4
1779 3
1780 1
1781 5
1782 8
1783 6
1784 0
1785 3
1786 1
1787 9
1788 5
1789 3
1790 3
1791 1
1792 7
1793 6
1794 0
1795 3
1796 8
1797 6
1798 1
1799 7
1800 1
1801 2
1802 6
1803 0
1804 7
1805 6
1806 1
1807 2
1808 2
1809 9
1810 8
1811 6
1812 8
1813 2
1814 7
1815 3
1816 6
1817 6
1818 4
1819 1
1820 0
1821 2
1822 3
1823 8
1824 0
1825 4
1826 8
1827 4
1828 8
1829 7
1830 2
1831 7
1832 9
1833 3
1834 2
1835 1
1836 7
1837 3
1838 1
1839 7
1840 3
1841 5
1842 4
1843 4
1844 6
1845 2
1846 9
1847 1
1848 6
1849 7
1850 3
1851 1
1852 4
1853 4
1854 7
1855 4
1856 0
1857 7
1858 3
1859 5
1860 5
1861 7
1862 5
1863 9
1864 5
1865 7
1866 6
1867 9
1868 3
1869 0
1870 7
1871 5
1872 2
1873 5
1874 5
1875 0
1876 0
1877 2
1878 7
1879 7
1880 6
1881 2
1882 8
1883 7
1884 2
1885 7
1886 5
1887 8
1888 1
1889 2
1890 0
1891 9
1892 7
1893 1
1894 9
1895 0
1896 1
1897 0
1898 0
1899 8
1900 0
1901 1
1902 7
1903 8
1904 7
1905 3
1906 6
1907 2
1908 1
1909 1
1910 8
1911 9
1912 1
1913 2
1914 3
1915 8
1916 9
1917 9
1918 2
1919 0
1920 2
1921 5
1922 4
1923 9
1924 6
1925 6
1926 3
1927 1
1928 0
1929 2
1930 3
1931 3
1932 0
1933 3
1934 0
1935 9
1936 7
1937 9
1938 0
1939 6
1940 1
1941 8
1942 8
1943 3
1944 9
1945 5
1946 7
1947 5
1948 0
1949 1
1950 7
1951 6
1952 0
1953 8
1954 9
1955 3
1956 1
1957 8
1958 7
1959 7
1960 9
1961 5
1962 0
1963 7
1964 3
1965 2
1966 3
1967 5
1968 4
1969 8
1970 9
1971 5
1972 9
1973 3
1974 6
1975 2
1976 3
1977 5
1978 9
1979 1
1980 0
1981 3
1982 8
1983 3
1984 3
1985 8
1986 4
1987 7
1988 6
1989 2
1990 4
1991 0
1992 9
1993 1
1994 8
1995 9
1996 5
1997 3
1998 3
1999 0
2000 0
2001 3
2002 1
2003 1
2004 2
2005 3
2006 1
2007 6
2008 8
2009 9
2010 5
2011 3
2012 9
2013 4
2014 5
2015 4
2016 1
2017 8
2018 7
2019 3
2020 3
2021 1
2022 2
2023 1
2024 6
2025 4
2026 8
2027 2
2028 8
2029 9
2030 6
2031 4
2032 3
2033 9
2034 6
2035 5
2036 3
2037 1
2038 2
2039 5
2040 5
2041 2
2042 0
2043 9
2044 3
2045 8
2046 7
2047 7
2048 7
2049 6
2050 2
2051 2
2052 5
2053 4
2054 5
2055 3
2056 2
2057 9
2058 4
2059 1
2060 6
2061 0
2062 6
2063 0
2064 1
2065 7
2066 1
2067 5
2068 7
2069 7
2070 1
2071 2
2072 6
2073 7
2074 4
2075 0
2076 0
2077 9
2078 1
2079 7
2080 0
2081 2
2082 6
2083 9
2084 5
2085 7
2086 1
2087 2
2088 4
2089 0
2090 1
2091 5
2092 6
2093 7
2094 9
2095 3
2096 9
2097 6
2098 5
2099 9
2100 8
2101 2
2102 4
2103 8
2104 6
2105 5
2106 8
2107 6
2108 8
2109 3
2110 3
2111 4
2112 8
2113 1
2114 1
2115 4
2116 0
2117 7
2118 9
2119 8
2120 1
2121 4
2122 9
2123 7
2124 5
2125 8
2126 6
2127 4
2128 0
2129 7
2130 9
2131 4
2132 4
2133 5
2134 8
2135 3
2136 1
2137 6
2138 4
2139 3
2140 4
2141 3
2142 2
2143 3
2144 6
2145 5
2146 8
2147 6
2148 3
2149 4
2150 1
2151 4
2152 6
2153 9
2154 2
2155 4
2156 3
2157 6
2158 8
2159 4
2160 4
2161 8
2162 8
2163 0
2164 3
2165 8
2166 1
2167 4
2168 0
2169 6
2170 5
2171 5
2172 7
2173 8
2174 9
2175 8
2176 8
2177 9
2178 5
2179 1
2180 3
2181 4
2182 1
2183 8
2184 8
2185 5
2186 0
2187 0
2188 2
2189 3
2190 4
2191 1
2192 0
2193 8
2194 0
2195 8
2196 9
2197 6
2198 9
2199 6
2200 6
2201 9
2202 0
2203 1
2204 5
2205 9
2206 0
2207 0
2208 1
2209 1
2210 0
2211 4
2212 7
2213 0
2214 0
2215 7
2216 0
2217 7
2218 0
2219 9
2220 5
2221 0
2222 6
2223 0
2224 5
2225 5
2226 8
2227 3
2228 8
2229 1
2230 8
2231 0
2232 1
2233 8
2234 1
2235 5
2236 6
2237 5
2238 2
2239 9
2240 9
2241 9
2242 4
2243 9
2244 9
2245 9
2246 3
2247 8
2248 2
2249 0
2250 2
2251 8
2252 6
2253 5
2254 4
2255 4
2256 4
2257 7
2258 6
2259 2
2260 1
2261 9
2262 1
2263 5
2264 5
2265 3
2266 3
2267 3
2268 5
2269 0
2270 9
2271 8
2272 3
2273 8
2274 4
2275 2
2276 4
2277 1
2278 1
2279 0
2280 5
2281 1
2282 4
2283 8
2284 2
2285 1
2286 3
2287 1
2288 1
2289 3
2290 0
2291 9
2292 1
2293 7
2294 2
2295 1
2296 9
2297 5
2298 7
2299 4
2300 8
2301 2
2302 0
2303 3
2304 9
2305 8
2306 8
2307 0
2308 8
2309 2
2310 8
2311 8
2312 7
2313 8
2314 2
2315 8
2316 5
2317 6
2318 3
2319 4
2320 8
2321 0
2322 1
2323 7
2324 3
2325 3
2326 8
2327 8
2328 7
2329 5
2330 2
2331 7
2332 2
2333 2
2334 6
2335 4
2336 0
2337 6
2338 5
2339 7
2340 1
2341 6
2342 3
2343 6
2344 7
2345 5
2346 7
2347 9
2348 7
2349 0
2350 2
2351 8
2352 3
2353 4
2354 8
2355 8
2356 3
2357 6
2358 9
2359 7
2360 7
2361 7
2362 1
2363 8
2364 5
2365 5
2366 4
2367 5
2368 7
2369 6
2370 6
2371 1
2372 0
2373 5
2374 8
2375 0
2376 7
2377 4
2378 3
2379 6
2380 0
2381 7
2382 7
2383 2
2384 8
2385 1
2386 4
2387 3
2388 5
2389 1
2390 5
2391 6
2392 0
2393 5
2394 1
2395 3
2396 2
2397 1
2398 7
2399 3
2400 3
2401 1
2402 8
2403 9
2404 7
2405 4
2406 9
2407 8
2408 6
2409 6
2410 1
2411 3
2412 1
2413 0
2414 1
2415 0
2416 0
2417 0
2418 6
2419 5
2420 2
2421 0
2422 4
2423 2
2424 7
2425 5
2426 9
2427 2
2428 9
2429 5
2430 7
2431 4
2432 8
2433 6
2434 7
2435 2
2436 0
2437 3
2438 5
2439 1
2440 8
2441 6
2442 4
2443 8
2444 1
2445 6
2446 1
2447 5
2448 5
2449 3
2450 7
2451 2
2452 2
2453 0
2454 6
2455 1
2456 4
2457 2
2458 2
2459 8
2460 3
2461 0
2462 3
2463 7
2464 5
2465 4
2466 9
2467 9
2468 2
2469 8
2470 0
2471 0
2472 7
2473 6
2474 7
2475 7
2476 6
2477 1
2478 8
2479 3
2480 2
2481 9
2482 6
2483 7
2484 0
2485 6
2486 9
2487 4
2488 6
2489 3
2490 6
2491 9
2492 8
2493 5
2494 0
2495 7
2496 7
2497 4
2498 6
2499 1
2500 4
2501 4
2502 3
2503 8
2504 5
2505 8
2506 3
2507 7
2508 8
2509 8
2510 7
2511 7
2512 3
2513 5
2514 7
2515 8
2516 3
2517 0
2518 3
2519 3
2520 2
2521 1
2522 7
2523 5
2524 2
2525 7
2526 2
2527 1
2528 3
2529 6
2530 0
2531 4
2532 0
2533 2
2534 3
2535 4
2536 0
2537 4
2538 9
2539 4
2540 4
2541 9
2542 7
2543 7
2544 0
2545 1
2546 7
2547 2
2548 2
2549 9
2550 0
2551 4
2552 6
2553 0
2554 9
2555 7
2556 8
2557 1
2558 2
2559 5
2560 8
2561 8
2562 2
2563 7
2564 3
2565 0
2566 0
2567 4
2568 8
2569 4
2570 7
2571 2
2572 0
2573 6
2574 1
2575 3
2576 1
2577 0
2578 0
2579 0
2580 8
2581 0
2582 7
2583 1
2584 4
2585 1
2586 1
2587 7
2588 9
2589 7
2590 8
2591 3
2592 2
2593 3
2594 4
2595 9
2596 7
2597 7
2598 5
2599 6
2600 6
2601 4
2602 1
2603 2
2604 9
2605 0
2606 2
2607 1
2608 8
2609 8
2610 6
2611 7
2612 5
2613 2
2614 3
2615 5
2616 9
2617 8
2618 0
2619 2
2620 8
2621 1
2622 0
2623 8
2624 5
2625 2
2626 5
2627 2
2628 0
2629 1
2630 9
2631 0
2632 6
2633 1
2634 7
2635 3
2636 9
2637 4
2638 7
2639 3
2640 5
2641 7
2642 3
2643 6
2644 8
2645 4
2646 4
2647 8
2648 6
2649 7
2650 1
2651 9
2652 0
2653 8
2654 7
2655 0
2656 6
2657 8
2658 8
2659 3
2660 2
2661 3
2662 6
2663 9
2664 8
2665 6
2666 5
2667 5
2668 5
2669 9
2670 5
2671 2
2672 3
2673 0
2674 3
2675 1
2676 5
2677 0
2678 3
2679 5
2680 0
2681 1
2682 4
2683 2
2684 3
2685 5
2686 4
2687 6
2688 0
2689 6
2690 7
2691 8
2692 4
2693 5
2694 8
2695 2
2696 4
2697 3
2698 3
2699 4
2700 0
2701 5
2702 9
2703 4
2704 9
2705 5
2706 7
2707 7
2708 5
2709 6
2710 7
2711 3
2712 6
2713 3
2714 2
2715 2
2716 7
2717 7
2718 8
2719 2
2720 6
2721 1
2722 7
2723 9
2724 0
2725 4
2726 9
2727 3
2728 9
2729 4
2730 9
2731 5
2732 5
2733 2
2734 3
2735 4
2736 2
2737 8
2738 2
2739 2
2740 0
2741 0
2742 5
2743 3
2744 8
2745 5
2746 1
2747 0
2748 0
2749 6
2750 1
2751 2
2752 7
2753 7
2754 4
2755 3
2756 5
2757 6
2758 4
2759 5
2760 5
2761 8
2762 6
2763 9
2764 4
2765 4
2766 8
2767 7
2768 6
2769 9
2770 6
2771 9
2772 6
2773 0
2774 7
2775 5
2776 8
2777 7
2778 0
2779 9
2780 6
2781 9
2782 7
2783 5
2784 2
2785 0
2786 2
2787 9
2788 5
2789 0
2790 7
2791 8
2792 9
2793 9
2794 2
2795 3
2796 9
2797 2
2798 8
2799 3
2800 2
2801 6
2802 0
2803 3
2804 1
2805 1
2806 4
2807 1
2808 1
2809 2
2810 1
2811 5
2812 4
2813 3
2814 2
2815 8
2816 5
2817 4
2818 6
2819 8
2820 2
2821 2
2822 4
2823 7
2824 0
2825 5
2826 6
2827 0
2828 8
2829 0
2830 3
2831 1
2832 0
2833 1
2834 8
2835 6
2836 5
2837 9
2838 7
2839 1
2840 5
2841 7
2842 0
2843 5
2844 9
2845 8
2846 0
2847 9
2848 4
2849 3
2850 9
2851 0
2852 0
2853 6
2854 3
2855 9
2856 5
2857 3
2858 1
2859 1
2860 8
2861 5
2862 8
2863 7
2864 3
2865 3
2866 8
2867 5
2868 0
2869 0
2870 4
2871 1
2872 2
2873 9
2874 1
2875 3
2876 1
2877 2
2878 9
2879 5
2880 1
2881 3
2882 9
2883 7
2884 3
2885 8
2886 6
2887 3
2888 2
2889 5
2890 5
2891 0
2892 6
2893 6
2894 8
2895 2
2896 7
2897 7
2898 6
2899 1
2900 7
2901 6
2902 3
2903 4
2904 6
2905 0
2906 5
2907 3
2908 8
2909 0
2910 5
2911 6
2912 8
2913 2
2914 0
2915 3
2916 2
2917 7
2918 3
2919 3
2920 7
2921 7
2922 6
2923 8
2924 2
2925 9
2926 2
2927 3
2928 3
2929 0
2930 4
2931 9
2932 8
2933 3
2934 7
2935 0
2936 4
2937 2
2938 0
2939 5
2940 1
2941 8
2942 4
2943 1
2944 7
2945 9
2946 5
2947 1
2948 0
2949 1
2950 0
2951 4
2952 4
2953 3
2954 8
2955 7
2956 2
2957 9
2958 4
2959 2
2960 3
2961 7
2962 8
2963 0
2964 2
2965 9
2966 2
2967 4
2968 7
2969 9
2970 0
2971 5
2972 3
2973 9
2974 8
2975 3
2976 9
2977 9
2978 0
2979 3
2980 0
2981 0
2982 6
2983 9
2984 1
2985 6
2986 6
2987 9
2988 0
2989 2
2990 0
2991 6
2992 9
2993 9
2994 9
2995 3
2996 2
2997 4
2998 9
2999 1
3000 0
3001 3
3002 7
3003 2
3004 3
3005 0
3006 4
3007 7
3008 9
3009 2
3010 5
3011 9
3012 5
3013 4
3014 6
3015 2
3016 5
3017 7
3018 1
3019 8
3020 1
3021 4
3022 9
3023 3
3024 5
3025 1
3026 8
3027 8
3028 3
3029 2
3030 5
3031 9
3032 2
3033 6
3034 6
3035 5
3036 3
3037 6
3038 1
3039 5
3040 4
3041 0
3042 9
3043 8
3044 6
3045 8
3046 8
3047 8
3048 8
3049 0
3050 8
3051 0
3052 4
3053 1
3054 3
3055 6
3056 1
3057 4
3058 7
3059 0
3060 7
3061 6
3062 4
3063 4
3064 0
3065 0
3066 9
3067 7
3068 9
3069 6
3070 0
3071 8
3072 7
3073 4
3074 6
3075 5
3076 9
3077 9
3078 2
3079 8
3080 8
3081 3
3082 9
3083 3
3084 9
3085 5
3086 3
3087 8
3088 1
3089 9
3090 5
3091 5
3092 3
3093 2
3094 7
3095 8
3096 4
3097 7
3098 0
3099 4
3100 7
3101 6
3102 8
3103 4
3104 3
3105 0
3106 4
3107 0
3108 7
3109 7
3110 5
3111 3
3112 1
3113 2
3114 6
3115 9
3116 0
3117 3
3118 3
3119 4
3120 5
3121 6
3122 2
3123 2
3124 7
3125 0
3126 0
3127 5
3128 1
3129 8
3130 7
3131 2
3132 1
3133 2
3134 9
3135 8
3136 6
3137 6
3138 9
3139 8
3140 6
3141 5
3142 3
3143 4
3144 5
3145 5
3146 1
3147 2
3148 7
3149 3
3150 6
3151 2
3152 8
3153 2
3154 0
3155 4
3156 0
3157 8
3158 0
3159 5
3160 7
3161 8
3162 3
3163 9
3164 7
3165 4
3166 3
3167 8
3168 5
3169 5
3170 3
3171 9
3172 8
3173 1
3174 6
3175 0
3176 9
3177 2
3178 6
3179 1
3180 1
3181 5
3182 1
3183 0
3184 1
3185 5
3186 0
3187 8
3188 3
3189 6
3190 1
3191 4
3192 6
3193 1
3194 7
3195 0
3196 2
3197 4
3198 1
3199 4
3200 7
3201 9
3202 5
3203 4
3204 8
3205 2
3206 3
3207 9
3208 3
3209 8
3210 1
3211 9
3212 8
3213 7
3214 2
3215 3
3216 6
3217 9
3218 0
3219 4
3220 2
3221 0
3222 4
3223 8
3224 2
3225 6
3226 8
3227 1
3228 1
3229 7
3230 8
3231 3
3232 6
3233 3
3234 5
3235 7
3236 6
3237 4
3238 6
3239 4
3240 5
3241 0
3242 2
3243 7
3244 6
3245 1
3246 8
3247 5
3248 2
3249 7
3250 7
3251 6
3252 9
3253 4
3254 5
3255 8
3256 7
3257 1
3258 3
3259 0
3260 5
3261 8
3262 4
3263 4
3264 2
3265 8
3266 8
3267 8
3268 1
3269 5
3270 4
3271 4
3272 2
3273 8
3274 9
3275 4
3276 0
3277 5
3278 8
3279 0
3280 6
3281 5
3282 2
3283 8
3284 5
3285 3
3286 6
3287 3
3288 0
3289 6
3290 4
3291 5
3292 8
3293 6
3294 5
3295 8
3296 5
3297 2
3298 1
3299 2
3300 5
3301 4
3302 5
3303 7
3304 0
3305 8
3306 3
3307 2
3308 9
3309 0
3310 7
3311 8
3312 0
3313 1
3314 4
3315 2
3316 1
3317 6
3318 5
3319 7
3320 3
3321 4
3322 0
3323 1
3324 4
3325 9
3326 2
3327 7
3328 1
3329 7
3330 6
3331 7
3332 2
3333 3
3334 9
3335 3
3336 2
3337 9
3338 6
3339 6
3340 5
3341 3
3342 3
3343 5
3344 1
3345 4
3346 0
3347 2
3348 3
3349 0
3350 2
3351 3
3352 5
3353 0
3354 8
3355 1
3356 0
3357 2
3358 5
3359 4
3360 2
3361 0
3362 4
3363 1
3364 8
3365 1
3366 1
3367 6
3368 7
3369 9
3370 5
3371 9
3372 1
3373 1
3374 9
3375 6
3376 4
3377 5
3378 2
3379 6
3380 5
3381 7
3382 4
3383 0
3384 9
3385 4
3386 0
3387 7
3388 6
3389 4
3390 3
3391 6
3392 7
3393 5
3394 8
3395 1
3396 1
3397 9
3398 9
3399 8
3400 8
3401 7
3402 7
3403 4
3404 5
3405 2
3406 1
3407 8
3408 1
3409 7
3410 3
3411 3
3412 3
3413 6
3414 0
3415 7
3416 1
3417 3
3418 9
3419 2
3420 5
3421 5
3422 8
3423 0
3424 3
3425 4
3426 8
3427 7
3428 0
3429 3
3430 2
3431 3
3432 0
3433 2
3434 7
3435 0
3436 7
3437 6
3438 8
3439 1
3440 5
3441 2
3442 5
3443 8
3444 7
3445 3
3446 4
3447 3
3448 1
3449 9
3450 4
3451 2
3452 2
3453 8
3454 5
3455 4
3456 0
3457 4
3458 3
3459 5
3460 7
3461 1
3462 4
3463 0
3464 6
3465 8
3466 6
3467 5
3468 5
3469 8
3470 1
3471 6
3472 7
3473 2
3474 8
3475 7
3476 0
3477 7
3478 5
3479 2
3480 0
3481 2
3482 3
3483 5
3484 6
3485 6
3486 6
3487 1
3488 7
3489 9
3490 4
3491 9
3492 0
3493 3
3494 9
3495 2
3496 7
3497 0
3498 3
3499 7
3500 5
3501 4
3502 3
3503 5
3504 1
3505 7
3506 4
3507 8
3508 6
3509 0
3510 4
3511 4
3512 9
3513 5
3514 1
3515 7
3516 4
3517 6
3518 3
3519 1
3520 0
3521 5
3522 8
3523 3
3524 9
3525 6
3526 2
3527 4
3528 8
3529 9
3530 8
3531 4
3532 7
3533 0
3534 6
3535 7
3536 0
3537 2
3538 3
3539 1
3540 5
3541 4
3542 1
3543 0
3544 7
3545 8
3546 6
3547 6
3548 2
3549 4
3550 3
3551 0
3552 7
3553 0
3554 7
3555 6
3556 4
3557 8
3558 6
3559 9
3560 3
3561 6
3562 9
3563 8
3564 4
3565 2
3566 6
3567 8
3568 7
3569 5
3570 2
3571 0
3572 8
3573 7
3574 0
3575 3
3576 5
3577 8
3578 5
3579 2
3580 6
3581 6
3582 1
3583 7
3584 6
3585 5
3586 8
3587 9
3588 0
3589 7
3590 8
3591 2
3592 5
3593 9
3594 0
3595 7
3596 2
3597 9
3598 2
3599 1
3600 0
3601 9
3602 9
3603 4
3604 1
3605 4
3606 4
3607 3
3608 5
3609 7
3610 0
3611 1
3612 9
3613 7
3614 7
3615 6
3616 5
3617 1
3618 7
3619 1
3620 9
3621 3
3622 8
3623 5
3624 1
3625 8
3626 7
3627 0
3628 6
3629 8
3630 7
3631 3
3632 4
3633 9
3634 3
3635 6
3636 1
3637 6
3638 6
3639 7
3640 8
3641 7
3642 3
3643 8
3644 6
3645 0
3646 2
3647 2
3648 5
3649 1
3650 7
3651 1
3652 1
3653 6
3654 6
3655 8
3656 4
3657 6
3658 6
3659 1
3660 6
3661 3
3662 4
3663 7
3664 9
3665 3
3666 1
3667 0
3668 6
3669 2
3670 6
3671 6
3672 8
3673 7
3674 3
3675 6
3676 1
3677 6
3678 5
3679 7
3680 6
3681 8
3682 1
3683 8
3684 4
3685 2
3686 6
3687 1
3688 1
3689 3
3690 2
3691 4
3692 3
3693 5
3694 2
3695 9
3696 6
3697 6
3698 3
3699 1
3700 7
3701 7
3702 2
3703 1
3704 5
3705 4
3706 0
3707 1
3708 4
3709 7
3710 7
3711 3
3712 7
3713 9
3714 8
3715 4
3716 7
3717 5
3718 4
3719 6
3720 0
3721 0
3722 7
3723 5
3724 7
3725 6
3726 6
3727 6
3728 6
3729 7
3730 9
3731 8
3732 9
3733 6
3734 7
3735 7
3736 9
3737 2
3738 3
3739 7
3740 7
3741 4
3742 0
3743 3
3744 0
3745 4
3746 1
3747 4
3748 8
3749 7
3750 4
3751 4
3752 9
3753 6
3754 2
3755 7
3756 6
3757 7
3758 8
3759 6
3760 9
3761 8
3762 2
3763 3
3764 4
3765 2
3766 8
3767 0
3768 8
3769 1
3770 9
3771 4
3772 8
3773 2
3774 7
3775 3
3776 6
3777 4
3778 3
3779 0
3780 2
3781 9
3782 2
3783 4
3784 5
3785 7
3786 5
3787 2
3788 7
3789 8
3790 6
3791 0
3792 9
3793 1
3794 4
3795 8
3796 5
3797 8
3798 6
3799 8
3800 5
3801 9
3802 9
3803 2
3804 2
3805 6
3806 2
3807 2
3808 6
3809 3
3810 7
3811 8
3812 6
3813 6
3814 3
3815 1
3816 2
3817 0
3818 4
3819 2
3820 0
3821 9
3822 7
3823 7
3824 7
3825 1
3826 2
3827 2
3828 5
3829 2
3830 2
3831 9
3832 4
3833 7
3834 4
3835 1
3836 5
3837 8
3838 7
3839 4
3840 2
3841 6
3842 5
3843 6
3844 6
3845 4
3846 3
3847 1
3848 6
3849 9
3850 2
3851 6
3852 5
3853 0
3854 8
3855 0
3856 5
3857 9
3858 0
3859 5
3860 8
3861 1
3862 3
3863 5
3864 2
3865 0
3866 1
3867 4
3868 6
3869 6
3870 6
3871 4
3872 4
3873 6
3874 2
3875 0
3876 5
3877 0
3878 1
3879 5
3880 5
3881 5
3882 7
3883 0
3884 1
3885 5
3886 5
3887 6
3888 0
3889 7
3890 1
3891 7
3892 4
3893 0
3894 1
3895 0
3896 2
3897 3
3898 5
3899 4
3900 7
3901 3
3902 1
3903 0
3904 0
3905 4
3906 5
3907 3
3908 1
3909 3
3910 7
3911 3
3912 3
3913 7
3914 9
3915 2
3916 0
3917 0
3918 3
3919 5
3920 2
3921 2
3922 2
3923 3
3924 2
3925 9
3926 9
3927 7
3928 9
3929 2
3930 9
3931 5
3932 9
3933 8
3934 1
3935 2
3936 1
3937 0
3938 1
3939 3
3940 4
3941 2
3942 5
3943 6
3944 1
3945 8
3946 0
3947 5
3948 8
3949 4
3950 7
3951 0
3952 4
3953 4
3954 5
3955 0
3956 2
3957 3
3958 9
3959 0
3960 4
3961 5
3962 4
3963 2
3964 4
3965 7
3966 7
3967 9
3968 0
3969 2
3970 6
3971 8
3972 9
3973 9
3974 6
3975 5
3976 8
3977 9
3978 0
3979 9
3980 3
3981 6
3982 4
3983 0
3984 1
3985 3
3986 6
3987 6
3988 9
3989 2
3990 2
3991 4
3992 3
3993 5
3994 7
3995 0
3996 2
3997 7
3998 1
3999 1
4000 1
4001 5
4002 2
4003 5
4004 7
4005 1
4006 0
4007 3
4008 1
4009 1
4010 4
4011 9
4012 3
4013 3
4014 2
4015 0
4016 9
4017 9
4018 1
4019 2
4020 0
4021 8
4022 5
4023 4
4024 7
4025 3
4026 7
4027 2
4028 9
4029 7
4030 1
4031 7
4032 3
4033 7
4034 7
4035 7
4036 8
4037 7
4038 5
4039 2
4040 0
4041 5
4042 6
4043 6
4044 9
4045 1
4046 2
4047 2
4048 4
4049 4
4050 7
4051 1
4052 2
4053 9
4054 3
4055 3
4056 3
4057 0
4058 6
4059 2
4060 9
4061 2
4062 5
4063 3
4064 5
4065 3
4066 5
4067 1
4068 0
4069 0
4070 1
4071 5
4072 3
4073 2
4074 5
4075 9
4076 7
4077 3
4078 4
4079 4
4080 4
4081 0
4082 3
4083 5
4084 0
4085 8
4086 2
4087 2
4088 0
4089 9
4090 0
4091 2
4092 4
4093 3
4094 5
4095 9
4096 8
4097 0
4098 8
4099 3
4100 4
4101 4
4102 2
4103 5
4104 2
4105 3
4106 6
4107 0
4108 4
4109 5
4110 0
4111 6
4112 2
4113 5
4114 7
4115 1
4116 4
4117 7
4118 5
4119 8
4120 3
4121 3
4122 9
4123 2
4124 6
4125 8
4126 7
4127 1
4128 4
4129 0
4130 2
4131 8
4132 6
4133 6
4134 7
4135 7
4136 7
4137 6
4138 6
4139 9
4140 0
4141 1
4142 7
4143 8
4144 1
4145 6
4146 5
4147 0
4148 5
4149 1
4150 4
4151 6
4152 4
4153 1
4154 5
4155 8
4156 3
4157 4
4158 7
4159 9
4160 8
4161 5
4162 4
4163 5
4164 3
4165 8
4166 3
4167 2
4168 9
4169 2
4170 3
4171 1
4172 7
4173 0
4174 1
4175 6
4176 0
4177 5
4178 7
4179 4
4180 9
4181 5
4182 4
4183 8
4184 8
4185 0
4186 2
4187 5
4188 2
4189 7
4190 8
4191 3
4192 5
4193 6
4194 9
4195 3
4196 9
4197 0
4198 4
4199 9
4200 9
4201 5
4202 7
4203 9
4204 3
4205 7
4206 1
4207 2
4208 3
4209 2
4210 3
4211 9
4212 5
4213 9
4214 4
4215 5
4216 8
4217 8
4218 0
4219 8
4220 0
4221 7
4222 8
4223 3
4224 5
4225 8
4226 4
4227 9
4228 6
4229 2
4230 2
4231 1
4232 8
4233 5
4234 9
4235 0
4236 2
4237 9
4238 2
4239 6
4240 3
4241 7
4242 4
4243 6
4244 6
4245 4
4246 7
4247 5
4248 4
4249 6
4250 3
4251 2
4252 4
4253 4
4254 4
4255 3
4256 6
4257 8
4258 7
4259 0
4260 9
4261 6
4262 3
4263 9
4264 7
4265 6
4266 6
4267 7
4268 6
4269 3
4270 9
4271 7
4272 3
4273 3
4274 1
4275 4
4276 1
4277 2
4278 9
4279 0
4280 8
4281 1
4282 5
4283 2
4284 4
4285 5
4286 5
4287 1
4288 4
4289 2
4290 1
4291 1
4292 2
4293 8
4294 7
4295 2
4296 2
4297 0
4298 8
4299 1
4300 6
4301 4
4302 1
4303 0
4304 2
4305 6
4306 7
4307 0
4308 1
4309 0
4310 8
4311 9
4312 1
4313 1
4314 8
4315 5
4316 1
4317 4
4318 6
4319 5
4320 6
4321 3
4322 9
4323 1
4324 5
4325 3
4326 9
4327 8
4328 1
4329 0
4330 9
4331 0
4332 7
4333 7
4334 4
4335 8
4336 1
4337 8
4338 8
4339 7
4340 0
4341 6
4342 1
4343 0
4344 7
4345 8
4346 4
4347 3
4348 7
4349 8
4350 5
4351 9
4352 3
4353 9
4354 9
4355 4
4356 7
4357 3
4358 5
4359 6
4360 0
4361 6
4362 0
4363 2
4364 1
4365 8
4366 7
4367 9
4368 7
4369 6
4370 0
4371 0
4372 2
4373 9
4374 0
4375 6
4376 0
4377 0
4378 9
4379 5
4380 4
4381 7
4382 7
4383 2
4384 1
4385 4
4386 6
4387 0
4388 3
4389 9
4390 3
4391 5
4392 8
4393 6
4394 2
4395 2
4396 7
4397 3
4398 1
4399 6
4400 3
4401 5
4402 5
4403 8
4404 1
4405 9
4406 0
4407 6
4408 1
4409 1
4410 0
4411 0
4412 0
4413 0
4414 1
4415 0
4416 8
4417 0
4418 1
4419 8
4420 9
4421 2
4422 3
4423 1
4424 3
4425 8
4426 6
4427 8
4428 7
4429 2
4430 0
4431 5
4432 4
4433 9
4434 5
4435 7
4436 8
4437 2
4438 5
4439 2
4440 4
4441 8
4442 5
4443 3
4444 7
4445 3
4446 0
4447 6
4448 4
4449 0
4450 2
4451 1
4452 5
4453 2
4454 7
4455 3
4456 0
4457 8
4458 2
4459 4
4460 0
4461 5
4462 9
4463 0
4464 2
4465 7
4466 4
4467 8
4468 5
4469 4
4470 9
4471 1
4472 4
4473 2
4474 4
4475 9
4476 9
4477 9
4478 7
4479 9
4480 2
4481 4
4482 4
4483 3
4484 3
4485 7
4486 7
4487 4
4488 3
4489 3
4490 5
4491 7
4492 3
4493 0
4494 2
4495 2
4496 7
4497 3
4498 2
4499 3
4500 5
4501 4
4502 5
4503 1
4504 7
4505 9
4506 3
4507 4
4508 5
4509 9
4510 5
4511 2
4512 1
4513 4
4514 4
4515 6
4516 8
4517 3
4518 2
4519 2
4520 3
4521 1
4522 8
4523 3
4524 0
4525 3
4526 3
4527 9
4528 4
4529 4
4530 1
4531 5
4532 6
4533 0
4534 2
4535 1
4536 0
4537 3
4538 7
4539 5
4540 6
4541 9
4542 2
4543 5
4544 9
4545 4
4546 0
4547 9
4548 4
4549 0
4550 6
4551 3
4552 0
4553 5
4554 8
4555 8
4556 8
4557 2
4558 5
4559 6
4560 2
4561 8
4562 2
4563 1
4564 6
4565 3
4566 8
4567 6
4568 1
4569 5
4570 5
4571 7
4572 0
4573 8
4574 7
4575 6
4576 5
4577 2
4578 0
4579 5
4580 9
4581 8
4582 3
4583 0
4584 8
4585 2
4586 5
4587 6
4588 3
4589 5
4590 4
4591 8
4592 2
4593 4
4594 2
4595 7
4596 9
4597 6
4598 5
4599 8
4600 2
4601 2
4602 6
4603 3
4604 7
4605 2
4606 9
4607 4
4608 6
4609 5
4610 0
4611 7
4612 6
4613 9
4614 3
4615 4
4616 2
4617 9
4618 3
4619 9
4620 2
4621 4
4622 0
4623 4
4624 8
4625 5
4626 0
4627 8
4628 6
4629 2
4630 8
4631 4
4632 7
4633 6
4634 4
4635 1
4636 2
4637 4
4638 7
4639 9
4640 7
4641 9
4642 6
4643 2
4644 7
4645 5
4646 9
4647 8
4648 0
4649 8
4650 5
4651 8
4652 7
4653 4
4654 1
4655 2
4656 6
4657 5
4658 6
4659 6
4660 7
4661 0
4662 3
4663 8
4664 6
4665 3
4666 4
4667 3
4668 5
4669 1
4670 1
4671 0
4672 1
4673 6
4674 8
4675 2
4676 1
4677 0
4678 1
4679 7
4680 7
4681 3
4682 6
4683 8
4684 4
4685 5
4686 7
4687 6
4688 5
4689 4
4690 0
4691 8
4692 5
4693 6
4694 8
4695 4
4696 5
4697 0
4698 3
4699 5
4700 4
4701 7
4702 5
4703 3
4704 1
4705 1
4706 7
4707 0
4708 1
4709 2
4710 1
4711 1
4712 0
4713 9
4714 3
4715 3
4716 7
4717 2
4718 7
4719 1
4720 7
4721 0
4722 5
4723 3
4724 9
4725 0
4726 4
4727 5
4728 2
4729 8
4730 3
4731 2
4732 1
4733 1
4734 8
4735 0
4736 6
4737 8
4738 1
4739 4
4740 0
4741 1
4742 5
4743 9
4744 6
4745 9
4746 7
4747 6
4748 4
4749 5
4750 8
4751 9
4752 5
4753 2
4754 7
4755 1
4756 9
4757 5
4758 0
4759 4
4760 0
4761 9
4762 1
4763 1
4764 7
4765 3
4766 6
4767 3
4768 5
4769 8
4770 2
4771 7
4772 4
4773 4
4774 0
4775 9
4776 1
4777 0
4778 2
4779 4
4780 2
4781 2
4782 9
4783 7
4784 3
4785 6
4786 7
4787 6
4788 8
4789 6
4790 5
4791 3
4792 5
4793 0
4794 0
4795 7
4796 5
4797 8
4798 3
4799 1
4800 0
4801 4
4802 1
4803 0
4804 7
4805 0
4806 1
4807 8
4808 8
4809 6
4810 5
4811 9
4812 7
4813 9
4814 7
4815 6
4816 2
4817 7
4818 7
4819 0
4820 6
4821 7
4822 4
4823 8
4824 1
4825 2
4826 2
4827 2
4828 5
4829 0
4830 1
4831 8
4832 7
4833 3
4834 3
4835 4
4836 6
4837 2
4838 4
4839 8
4840 9
4841 2
4842 3
4843 5
4844 8
4845 2
4846 1
4847 4
4848 5
4849 4
4850 9
4851 4
4852 1
4853 1
4854 6
4855 6
4856 1
4857 5
4858 9
4859 7
4860 1
4861 3
4862 9
4863 1
4864 9
4865 8
4866 5
4867 2
4868 2
4869 0
4870 2
4871 0
4872 8
4873 1
4874 3
4875 6
4876 9
4877 1
4878 1
4879 7
4880 7
4881 4
4882 5
4883 1
4884 3
4885 0
4886 0
4887 3
4888 1
4889 6
4890 5
4891 7
4892 3
4893 2
4894 2
4895 5
4896 6
4897 2
4898 5
4899 5
4900 2
4901 7
4902 8
4903 2
4904 4
4905 1
4906 6
4907 0
4908 5
4909 8
4910 6
4911 1
4912 3
4913 8
4914 8
4915 7
4916 5
4917 8
4918 1
4919 6
4920 5
4921 1
4922 7
4923 8
4924 8
4925 5
4926 6
4927 0
4928 8
4929 8
4930 0
4931 4
4932 2
4933 7
4934 7
4935 7
4936 1
4937 6
4938 2
4939 7
4940 4
4941 9
4942 6
4943 3
4944 0
4945 6
4946 8
4947 1
4948 6
4949 5
4950 3
4951 4
4952 3
4953 2
4954 6
4955 2
4956 3
4957 9
4958 9
4959 9
4960 0
4961 2
4962 1
4963 8
4964 1
4965 1
4966 4
4967 2
4968 2
4969 3
4970 4
4971 7
4972 6
4973 6
4974 8
4975 3
4976 6
4977 9
4978 6
4979 0
4980 1
4981 3
4982 8
4983 4
4984 5
4985 5
4986 7
4987 1
4988 8
4989 9
4990 0
4991 7
4992 0
4993 2
4994 6
4995 0
4996 7
4997 7
4998 0
4999 8
5000 1
5001 7
5002 4
5003 5
5004 9
5005 5
5006 3
5007 8
5008 1
5009 2
5010 8
5011 3
5012 3
5013 9
5014 4
5015 9
5016 0
5017 6
5018 0
5019 7
5020 0
5021 8
5022 6
5023 2
5024 1
5025 5
5026 7
5027 7
5028 6
5029 1
5030 8
5031 7
5032 6
5033 3
5034 7
5035 8
5036 7
5037 1
5038 4
5039 1
5040 3
5041 2
5042 9
5043 2
5044 8
5045 5
5046 2
5047 1
5048 2
5049 7
5050 4
5051 2
5052 8
5053 4
5054 1
5055 0
5056 5
5057 6
5058 0
5059 8
5060 4
5061 4
5062 1
5063 3
5064 2
5065 6
5066 6
5067 4
5068 2
5069 8
5070 1
5071 7
5072 1
5073 7
5074 8
5075 4
5076 7
5077 6
5078 1
5079 7
5080 0
5081 9
5082 4
5083 3
5084 2
5085 0
5086 1
5087 7
5088 4
5089 9
5090 0
5091 8
5092 4
5093 8
5094 8
5095 8
5096 8
5097 3
5098 4
5099 6
5100 0
5101 1
5102 6
5103 1
5104 7
5105 2
5106 4
5107 9
5108 7
5109 3
5110 2
5111 0
5112 3
5113 9
5114 1
5115 2
5116 4
5117 3
5118 1
5119 7
5120 2
5121 6
5122 2
5123 7
5124 9
5125 9
5126 7
5127 6
5128 0
5129 6
5130 2
5131 2
5132 9
5133 1
5134 6
5135 3
5136 6
5137 7
5138 2
5139 3
5140 3
5141 7
5142 7
5143 3
5144 6
5145 8
5146 0
5147 9
5148 3
5149 3
5150 2
5151 6
5152 6
5153 3
5154 0
5155 5
5156 1
5157 9
5158 3
5159 7
5160 0
5161 1
5162 3
5163 1
5164 7
5165 3
5166 7
5167 8
5168 2
5169 0
5170 6
5171 3
5172 3
5173 3
5174 4
5175 6
5176 7
5177 6
5178 0
5179 5
5180 3
5181 4
5182 5
5183 7
5184 8
5185 2
5186 6
5187 8
5188 4
5189 7
5190 3
5191 4
5192 5
5193 4
5194 7
5195 6
5196 6
5197 9
5198 2
5199 8
5200 9
5201 5
5202 3
5203 8
5204 2
5205 1
5206 2
5207 9
5208 0
5209 5
5210 5
5211 6
5212 0
5213 5
5214 0
5215 5
5216 6
5217 2
5218 9
5219 0
5220 3
5221 1
5222 0
5223 2
5224 8
5225 1
5226 0
5227 0
5228 6
5229 1
5230 8
5231 0
5232 0
5233 2
5234 9
5235 2
5236 6
5237 7
5238 3
5239 8
5240 6
5241 1
5242 8
5243 5
5244 7
5245 1
5246 6
5247 6
5248 3
5249 2
5250 8
5251 4
5252 0
5253 8
5254 4
5255 4
5256 4
5257 5
5258 4
5259 4
5260 2
5261 3
5262 7
5263 1
5264 4
5265 7
5266 3
5267 4
5268 7
5269 5
5270 6
5271 5
5272 8
5273 7
5274 4
5275 8
5276 0
5277 7
5278 4
5279 1
5280 1
5281 4
5282 1
5283 8
5284 4
5285 3
5286 2
5287 0
5288 3
5289 6
5290 5
5291 7
5292 3
5293 9
5294 7
5295 1
5296 3
5297 0
5298 9
5299 0
5300 1
5301 9
5302 4
5303 1
5304 7
5305 3
5306 6
5307 8
5308 5
5309 9
5310 8
5311 2
5312 9
5313 1
5314 0
5315 3
5316 6
5317 2
5318 2
5319 6
5320 1
5321 0
5322 0
5323 7
5324 7
5325 3
5326 8
5327 7
5328 1
5329 8
5330 4
5331 4
5332 6
5333 2
5334 2
5335 5
5336 9
5337 6
5338 9
5339 0
5340 6
5341 5
5342 7
5343 6
5344 0
5345 2
5346 1
5347 8
5348 9
5349 9
5350 9
5351 8
5352 3
5353 9
5354 6
5355 2
5356 0
5357 2
5358 4
5359 8
5360 7
5361 5
5362 6
5363 5
5364 9
5365 0
5366 3
5367 2
5368 4
5369 3
5370 7
5371 6
5372 9
5373 6
5374 1
5375 9
5376 6
5377 7
5378 6
5379 2
5380 7
5381 5
5382 7
5383 3
5384 5
5385 3
5386 1
5387 9
5388 8
5389 9
5390 4
5391 5
5392 9
5393 4
5394 6
5395 8
5396 0
5397 7
5398 0
5399 8
5400 4
5401 4
5402 3
5403 5
5404 2
5405 0
5406 4
5407 8
5408 9
5409 6
5410 6
5411 4
5412 3
5413 7
5414 6
5415 8
5416 4
5417 8
5418 8
5419 2
5420 4
5421 4
5422 1
5423 2
5424 8
5425 1
5426 6
5427 1
5428 2
5429 1
5430 6
5431 0
5432 9
5433 3
5434 7
5435 2
5436 3
5437 0
5438 6
5439 3
5440 2
5441 7
5442 8
5443 3
5444 2
5445 2
5446 3
5447 2
5448 1
5449 3
5450 8
5451 1
5452 5
5453 1
5454 2
5455 9
5456 0
5457 1
5458 2
5459 5
5460 9
5461 2
5462 5
5463 0
5464 4
5465 4
5466 9
5467 9
5468 7
5469 4
5470 4
5471 3
5472 5
5473 7
5474 6
5475 6
5476 5
5477 7
5478 2
5479 0
5480 4
5481 1
5482 0
5483 8
5484 7
5485 4
5486 4
5487 7
5488 0
5489 2
5490 4
5491 2
5492 2
5493 1
5494 6
5495 9
5496 2
5497 0
5498 8
5499 2
5500 3
5501 5
5502 2
5503 7
5504 1
5505 2
5506 7
5507 2
5508 8
5509 0
5510 7
5511 9
5512 7
5513 8
5514 5
5515 6
5516 5
5517 0
5518 8
5519 5
5520 7
5521 1
5522 7
5523 1
5524 1
5525 6
5526 6
5527 1
5528 7
5529 6
5530 9
5531 2
5532 4
5533 3
5534 9
5535 9
5536 2
5537 7
5538 7
5539 3
5540 9
5541 3
5542 9
5543 0
5544 4
5545 6
5546 6
5547 7
5548 5
5549 4
5550 5
5551 1
5552 7
5553 1
5554 6
5555 3
5556 8
5557 2
5558 4
5559 3
5560 7
5561 2
5562 1
5563 5
5564 8
5565 0
5566 3
5567 0
5568 1
5569 3
5570 0
5571 5
5572 6
5573 6
5574 7
5575 1
5576 8
5577 7
5578 5
5579 5
5580 1
5581 0
5582 4
5583 4
5584 1
5585 5
5586 1
5587 7
5588 7
5589 8
5590 7
5591 4
5592 9
5593 8
5594 7
5595 9
5596 4
5597 2
5598 5
5599 0
5600 5
5601 9
5602 1
5603 3
5604 1
5605 2
5606 9
5607 6
5608 4
5609 8
5610 2
5611 1
5612 9
5613 9
5614 4
5615 5
5616 9
5617 5
5618 8
5619 7
5620 0
5621 0
5622 2
5623 6
5624 9
5625 8
5626 3
5627 2
5628 0
5629 9
5630 4
5631 6
5632 7
5633 8
5634 3
5635 7
5636 4
5637 5
5638 9
5639 1
5640 0
5641 4
5642 0
5643 3
5644 1
5645 4
5646 1
5647 5
5648 9
5649 6
5650 6
5651 0
5652 8
5653 3
5654 2
5655 8
5656 9
5657 7
5658 3
5659 6
5660 8
5661 8
5662 0
5663 9
5664 7
5665 3
5666 2
5667 5
5668 3
5669 3
5670 2
5671 8
5672 9
5673 5
5674 0
5675 7
5676 3
5677 3
5678 6
5679 7
5680 5
5681 6
5682 8
5683 5
5684 4
5685 4
5686 1
5687 2
5688 4
5689 2
5690 3
5691 8
5692 0
5693 2
5694 5
5695 1
5696 7
5697 6
5698 1
5699 5
5700 5
5701 9
5702 8
5703 1
5704 0
5705 5
5706 2
5707 2
5708 3
5709 5
5710 9
5711 0
5712 4
5713 3
5714 4
5715 4
5716 9
5717 9
5718 9
5719 8
5720 6
5721 2
5722 3
5723 8
5724 6
5725 8
5726 8
5727 5
5728 1
5729 0
5730 9
5731 3
5732 4
5733 1
5734 8
5735 1
5736 8
5737 3
5738 5
5739 6
5740 2
5741 5
5742 5
5743 7
5744 4
5745 6
5746 2
5747 0
5748 7
5749 0
5750 4
5751 6
5752 1
5753 8
5754 2
5755 3
5756 8
5757 0
5758 2
5759 1
5760 7
5761 2
5762 4
5763 2
5764 7
5765 5
5766 2
5767 0
5768 5
5769 4
5770 3
5771 5
5772 8
5773 9
5774 7
5775 9
5776 4
5777 0
5778 7
5779 5
5780 5
5781 8
5782 8
5783 1
5784 1
5785 6
5786 8
5787 2
5788 5
5789 9
5790 7
5791 5
5792 2
5793 7
5794 7
5795 4
5796 6
5797 6
5798 3
5799 5
5800 1
5801 5
5802 0
5803 6
5804 5
5805 6
5806 5
5807 1
5808 4
5809 8
5810 8
5811 5
5812 3
5813 8
5814 8
5815 1
5816 5
5817 5
5818 2
5819 1
5820 0
5821 7
5822 1
5823 1
5824 3
5825 8
5826 4
5827 8
5828 3
5829 5
5830 6
5831 1
5832 7
5833 8
5834 8
5835 5
5836 6
5837 0
5838 8
5839 1
5840 4
5841 7
5842 9
5843 7
5844 7
5845 4
5846 3
5847 3
5848 7
5849 2
5850 9
5851 3
5852 7
5853 9
5854 7
5855 6
5856 1
5857 9
5858 7
5859 4
5860 7
5861 9
5862 1
5863 0
5864 9
5865 9
5866 8
5867 5
5868 9
5869 3
5870 4
5871 5
5872 5
5873 7
5874 7
5875 1
5876 2
5877 9
5878 7
5879 5
5880 0
5881 7
5882 9
5883 7
5884 5
5885 9
5886 6
5887 2
5888 3
5889 1
5890 5
5891 0
5892 6
5893 4
5894 5
5895 8
5896 8
5897 1
5898 3
5899 8
5900 1
5901 1
5902 5
5903 9
5904 2
5905 7
5906 2
5907 3
5908 0
5909 9
5910 4
5911 7
5912 1
5913 8
5914 8
5915 5
5916 1
5917 4
5918 1
5919 0
5920 2
5921 5
5922 8
5923 4
5924 0
5925 3
5926 9
5927 7
5928 7
5929 2
5930 4
5931 5
5932 9
5933 0
5934 8
5935 4
5936 9
5937 9
5938 1
5939 9
5940 0
5941 1
5942 6
5943 3
5944 9
5945 9
5946 3
5947 0
5948 2
5949 3
5950 2
5951 0
5952 6
5953 3
5954 6
5955 8
5956 9
5957 4
5958 2
5959 2
5960 4
5961 6
5962 6
5963 8
5964 8
5965 5
5966 6
5967 8
5968 8
5969 5
5970 1
5971 5
5972 7
5973 6
5974 0
5975 0
5976 5
5977 8
5978 3
5979 4
5980 0
5981 6
5982 0
5983 7
5984 6
5985 9
5986 3
5987 0
5988 2
5989 4
5990 7
5991 7
5992 3
5993 8
5994 4
5995 9
5996 2
5997 3
5998 4
5999 6
6000 7
6001 3
6002 9
6003 3
6004 3
6005 3
6006 1
6007 9
6008 8
6009 1
6010 7
6011 7
6012 4
6013 4
6014 7
6015 6
6016 6
6017 2
6018 9
6019 1
6020 9
6021 5
6022 3
6023 0
6024 3
6025 8
6026 8
6027 4
6028 7
6029 0
6030 0
6031 9
6032 8
6033 1
6034 3
6035 5
6036 6
6037 7
6038 2
6039 5
6040 5
6041 8
6042 2
6043 2
6044 9
6045 8
6046 4
6047 1
6048 7
6049 4
6050 2
6051 7
6052 3
6053 3
6054 6
6055 9
6056 8
6057 3
6058 1
6059 2
6060 9
6061 8
6062 9
6063 6
6064 9
6065 1
6066 4
6067 8
6068 9
6069 8
6070 2
6071 9
6072 3
6073 0
6074 8
6075 9
6076 5
6077 8
6078 2
6079 7
6080 9
6081 0
6082 3
6083 7
6084 8
6085 1
6086 8
6087 5
6088 2
6089 5
6090 9
6091 2
6092 5
6093 1
6094 1
6095 4
6096 3
6097 7
6098 4
6099 2
6100 8
6101 6
6102 2
6103 5
6104 9
6105 0
6106 2
6107 9
6108 6
6109 5
6110 8
6111 8
6112 1
6113 7
6114 1
6115 3
6116 9
6117 1
6118 4
6119 8
6120 0
6121 7
6122 9
6123 8
6124 3
6125 6
6126 8
6127 0
6128 4
6129 8
6130 7
6131 2
6132 2
6133 7
6134 0
6135 8
6136 2
6137 4
6138 8
6139 4
6140 4
6141 9
6142 2
6143 0
6144 3
6145 3
6146 2
6147 2
6148 0
6149 8
6150 8
6151 2
6152 8
6153 3
6154 2
6155 0
6156 1
6157 3
6158 0
6159 2
6160 9
6161 5
6162 4
6163 0
6164 6
6165 5
6166 2
6167 4
6168 9
6169 9
6170 2
6171 4
6172 2
6173 0
6174 8
6175 2
6176 1
6177 3
6178 2
6179 0
6180 4
6181 9
6182 6
6183 0
6184 7
6185 0
6186 3
6187 2
6188 0
6189 9
6190 4
6191 7
6192 2
6193 2
6194 0
6195 3
6196 0
6197 1
6198 9
6199 2
6200 6
6201 5
6202 3
6203 5
6204 2
6205 7
6206 1
6207 8
6208 1
6209 2
6210 3
6211 1
6212 8
6213 3
6214 1
6215 0
6216 3
6217 2
6218 6
6219 0
6220 2
6221 3
6222 1
6223 4
6224 2
6225 6
6226 6
6227 6
6228 3
6229 3
6230 9
6231 5
6232 9
6233 9
6234 9
6235 7
6236 4
6237 4
6238 0
6239 4
6240 5
6241 0
6242 1
6243 7
6244 7
6245 5
6246 7
6247 0
6248 6
6249 7
6250 9
6251 4
6252 4
6253 5
6254 2
6255 3
6256 3
6257 0
6258 4
6259 6
6260 7
6261 8
6262 4
6263 6
6264 7
6265 7
6266 2
6267 3
6268 6
6269 6
6270 4
6271 7
6272 2
6273 1
6274 3
6275 8
6276 5
6277 5
6278 5
6279 0
6280 8
6281 0
6282 2
6283 3
6284 2
6285 8
6286 8
6287 8
6288 3
6289 2
6290 8
6291 3
6292 2
6293 1
6294 7
6295 2
6296 8
6297 7
6298 0
6299 3
6300 4
6301 6
6302 3
6303 4
6304 6
6305 6
6306 5
6307 0
6308 4
6309 8
6310 6
6311 8
6312 1
6313 5
6314 4
6315 4
6316 8
6317 5
6318 8
6319 8
6320 1
6321 8
6322 5
6323 3
6324 3
6325 6
6326 0
6327 5
6328 1
6329 3
6330 8
6331 5
6332 3
6333 9
6334 6
6335 0
6336 3
6337 1
6338 4
6339 3
6340 8
6341 7
6342 3
6343 8
6344 2
6345 7
6346 9
6347 4
6348 3
6349 2
6350 4
6351 8
6352 1
6353 3
6354 4
6355 0
6356 7
6357 5
6358 5
6359 2
6360 4
6361 6
6362 8
6363 4
6364 9
6365 9
6366 6
6367 6
6368 5
6369 1
6370 9
6371 5
6372 2
6373 9
6374 6
6375 9
6376 7
6377 3
6378 7
6379 6
6380 6
6381 2
6382 3
6383 9
6384 7
6385 0
6386 2
6387 4
6388 3
6389 1
6390 9
6391 3
6392 8
6393 8
6394 6
6395 6
6396 1
6397 5
6398 8
6399 5
6400 9
6401 5
6402 7
6403 5
6404 0
6405 2
6406 1
6407 9
6408 6
6409 4
6410 9
6411 4
6412 0
6413 6
6414 7
6415 5
6416 0
6417 3
6418 7
6419 8
6420 4
6421 3
6422 7
6423 2
6424 0
6425 1
6426 5
6427 5
6428 4
6429 2
6430 9
6431 5
6432 5
6433 9
6434 4
6435 7
6436 0
6437 4
6438 7
6439 5
6440 8
6441 9
6442 5
6443 9
6444 8
6445 2
6446 9
6447 1
6448 7
6449 3
6450 0
6451 2
6452 8
6453 0
6454 2
6455 5
6456 6
6457 1
6458 8
6459 9
6460 4
6461 4
6462 4
6463 9
6464 8
6465 8
6466 4
6467 6
6468 9
6469 7
6470 1
6471 0
6472 4
6473 7
6474 4
6475 4
6476 2
6477 4
6478 6
6479 0
6480 4
6481 1
6482 5
6483 2
6484 9
6485 8
6486 1
6487 5
6488 1
6489 2
6490 2
6491 4
6492 3
6493 2
6494 0
6495 4
6496 4
6497 8
6498 8
6499 2
6500 9
6501 4
6502 4
6503 2
6504 9
6505 7
6506 2
6507 0
6508 5
6509 4
6510 7
6511 6
6512 6
6513 0
6514 2
6515 0
6516 5
6517 6
6518 6
6519 3
6520 1
6521 6
6522 9
6523 8
6524 1
6525 1
6526 3
6527 0
6528 3
6529 7
6530 1
6531 2
6532 0
6533 8
6534 1
6535 4
6536 5
6537 0
6538 7
6539 1
6540 9
6541 8
6542 3
6543 4
6544 1
6545 6
6546 5
6547 4
6548 8
6549 0
6550 6
6551 2
6552 5
6553 7
6554 3
6555 2
6556 7
6557 3
6558 7
6559 9
6560 4
6561 3
6562 9
6563 1
6564 9
6565 8
6566 3
6567 8
6568 5
6569 4
6570 8
6571 3
6572 0
6573 3
6574 4
6575 4
6576 0
6577 6
6578 4
6579 0
6580 3
6581 3
6582 3
6583 5
6584 0
6585 1
6586 6
6587 2
6588 2
6589 5
6590 4
6591 7
6592 6
6593 1
6594 2
6595 3
6596 5
6597 4
6598 5
6599 6
6600 0
6601 8
6602 8
6603 1
6604 7
6605 6
6606 4
6607 3
6608 7
6609 6
6610 2
6611 7
6612 7
6613 0
6614 3
6615 1
6616 8
6617 6
6618 8
6619 1
6620 8
6621 8
6622 5
6623 4
6624 2
6625 4
6626 8
6627 9
6628 2
6629 5
6630 7
6631 0
6632 1
6633 5
6634 6
6635 0
6636 6
6637 4
6638 0
6639 4
6640 2
6641 8
6642 1
6643 2
6644 5
6645 5
6646 9
6647 8
6648 5
6649 4
6650 1
6651 6
6652 7
6653 9
6654 5
6655 2
6656 5
6657 2
6658 3
6659 3
6660 5
6661 3
6662 8
6663 5
6664 7
6665 2
6666 6
6667 4
6668 4
6669 5
6670 2
6671 5
6672 6
6673 1
6674 6
6675 7
6676 0
6677 3
6678 5
6679 8
6680 7
6681 6
6682 7
6683 7
6684 3
6685 2
6686 5
6687 4
6688 2
6689 3
6690 6
6691 6
6692 8
6693 6
6694 0
6695 3
6696 6
6697 9
6698 5
6699 0
6700 8
6701 5
6702 8
6703 5
6704 9
6705 3
6706 5
6707 2
6708 8
6709 1
6710 6
6711 9
6712 5
6713 6
6714 8
6715 1
6716 6
6717 7
6718 9
6719 1
6720 7
6721 3
6722 1
6723 6
6724 0
6725 7
6726 6
6727 6
6728 8
6729 6
6730 3
6731 1
6732 3
6733 2
6734 1
6735 7
6736 7
6737 0
6738 0
6739 2
6740 5
6741 2
6742 5
6743 5
6744 7
6745 0
6746 3
6747 8
6748 1
6749 6
6750 1
6751 0
6752 9
6753 6
6754 4
6755 6
6756 0
6757 0
6758 7
6759 2
6760 1
6761 1
6762 3
6763 1
6764 7
6765 5
6766 5
6767 2
6768 6
6769 0
6770 3
6771 2
6772 9
6773 7
6774 5
6775 4
6776 1
6777 4
6778 4
6779 2
6780 7
6781 0
6782 9
6783 5
6784 0
6785 3
6786 1
6787 0
6788 7
6789 7
6790 5
6791 8
6792 8
6793 2
6794 5
6795 3
6796 4
6797 0
6798 4
6799 2
6800 3
6801 8
6802 6
6803 3
6804 1
6805 0
6806 4
6807 8
6808 9
6809 3
6810 2
6811 3
6812 0
6813 0
6814 3
6815 9
6816 2
6817 0
6818 2
6819 0
6820 7
6821 7
6822 9
6823 6
6824 5
6825 2
6826 5
6827 7
6828 5
6829 8
6830 7
6831 5
6832 8
6833 0
6834 7
6835 6
6836 5
6837 9
6838 2
6839 1
6840 3
6841 4
6842 1
6843 7
6844 1
6845 7
6846 8
6847 8
6848 1
6849 8
6850 3
6851 0
6852 0
6853 7
6854 4
6855 4
6856 8
6857 5
6858 8
6859 9
6860 3
6861 4
6862 6
6863 6
6864 7
6865 3
6866 2
6867 7
6868 2
6869 0
6870 3
6871 1
6872 9
6873 0
6874 7
6875 2
6876 2
6877 5
6878 6
6879 5
6880 3
6881 1
6882 6
6883 5
6884 2
6885 6
6886 9
6887 5
6888 6
6889 4
6890 2
6891 5
6892 0
6893 8
6894 6
6895 6
6896 1
6897 1
6898 4
6899 4
6900 2
6901 7
6902 4
6903 3
6904 9
6905 0
6906 7
6907 2
6908 8
6909 1
6910 2
6911 0
6912 7
6913 2
6914 7
6915 0
6916 5
6917 5
6918 8
6919 1
6920 8
6921 3
6922 7
6923 0
6924 3
6925 4
6926 8
6927 9
6928 7
6929 4
6930 0
6931 8
6932 4
6933 3
6934 8
6935 9
6936 8
6937 6
6938 1
6939 3
6940 3
6941 4
6942 1
6943 8
6944 8
6945 0
6946 5
6947 4
6948 4
6949 8
6950 8
6951 5
6952 6
6953 0
6954 8
6955 2
6956 7
6957 9
6958 0
6959 3
6960 1
6961 5
6962 6
6963 1
6964 0
6965 7
6966 5
6967 1
6968 0
6969 6
6970 1
6971 9
6972 8
6973 6
6974 3
6975 0
6976 1
6977 2
6978 9
6979 2
6980 1
6981 9
6982 0
6983 8
6984 9
6985 7
6986 9
6987 4
6988 1
6989 1
6990 1
6991 7
6992 2
6993 1
6994 7
6995 0
6996 8
6997 2
6998 8
6999 4
7000 1
7001 0
7002 0
7003 8
7004 6
7005 9
7006 7
7007 7
7008 3
7009 1
7010 8
7011 1
7012 0
7013 4
7014 3
7015 5
7016 9
7017 6
7018 1
7019 0
7020 0
7021 0
7022 6
7023 9
7024 2
7025 1
7026 2
7027 2
7028 3
7029 1
7030 0
7031 0
7032 8
7033 9
7034 4
7035 8
7036 8
7037 1
7038 9
7039 5
7040 3
7041 3
7042 5
7043 3
7044 8
7045 4
7046 4
7047 0
7048 8
7049 8
7050 6
7051 8
7052 2
7053 6
7054 8
7055 7
7056 0
7057 3
7058 5
7059 3
7060 4
7061 0
7062 7
7063 4
7064 4
7065 4
7066 2
7067 0
7068 4
7069 1
7070 1
7071 5
7072 6
7073 8
7074 2
7075 6
7076 4
7077 1
7078 0
7079 4
7080 3
7081 4
7082 5
7083 7
7084 5
7085 9
7086 6
7087 8
7088 1
7089 8
7090 9
7091 2
7092 7
7093 8
7094 2
7095 9
7096 4
7097 0
7098 5
7099 8
7100 4
7101 3
7102 2
7103 5
7104 3
7105 9
7106 1
7107 1
7108 7
7109 2
7110 1
7111 2
7112 4
7113 0
7114 0
7115 4
7116 4
7117 1
7118 9
7119 0
7120 1
7121 4
7122 4
7123 0
7124 6
7125 3
7126 9
7127 3
7128 0
7129 8
7130 7
7131 6
7132 7
7133 0
7134 3
7135 4
7136 3
7137 9
7138 2
7139 5
7140 3
7141 4
7142 2
7143 6
7144 3
7145 8
7146 7
7147 2
7148 0
7149 5
7150 5
7151 1
7152 7
7153 6
7154 0
7155 7
7156 1
7157 8
7158 0
7159 3
7160 1
7161 0
7162 2
7163 1
7164 0
7165 9
7166 6
7167 2
7168 6
7169 6
7170 6
7171 6
7172 5
7173 4
7174 7
7175 4
7176 6
7177 7
7178 8
7179 9
7180 2
7181 9
7182 8
7183 7
7184 8
7185 1
7186 4
7187 0
7188 9
7189 4
7190 0
7191 5
7192 7
7193 1
7194 0
7195 7
7196 5
7197 8
7198 7
7199 8
7200 7
7201 8
7202 2
7203 8
7204 8
7205 5
7206 5
7207 2
7208 2
7209 8
7210 2
7211 6
7212 5
7213 9
7214 6
7215 8
7216 9
7217 9
7218 4
7219 9
7220 2
7221 5
7222 1
7223 7
7224 3
7225 5
7226 3
7227 5
7228 0
7229 9
7230 4
7231 4
7232 8
7233 0
7234 5
7235 8
7236 5
7237 0
7238 4
7239 9
7240 2
7241 7
7242 3
7243 1
7244 2
7245 3
7246 8
7247 6
7248 7
7249 5
7250 8
7251 9
7252 4
7253 0
7254 6
7255 7
7256 7
7257 8
7258 6
7259 2
7260 1
7261 4
7262 9
7263 6
7264 9
7265 6
7266 6
7267 3
7268 3
7269 1
7270 5
7271 7
7272 3
7273 2
7274 7
7275 3
7276 1
7277 0
7278 4
7279 6
7280 6
7281 3
7282 5
7283 5
7284 9
7285 5
7286 9
7287 5
7288 0
7289 0
7290 8
7291 6
7292 1
7293 1
7294 1
7295 5
7296 1
7297 7
7298 7
7299 1
7300 1
7301 6
7302 9
7303 4
7304 8
7305 9
7306 0
7307 5
7308 9
7309 8
7310 7
7311 6
7312 8
7313 0
7314 6
7315 1
7316 2
7317 0
7318 5
7319 7
7320 1
7321 1
7322 7
7323 1
7324 6
7325 8
7326 7
7327 8
7328 0
7329 3
7330 2
7331 0
7332 8
7333 0
7334 6
7335 5
7336 8
7337 3
7338 2
7339 7
7340 1
7341 7
7342 0
7343 7
7344 4
7345 5
7346 3
7347 4
7348 1
7349 1
7350 3
7351 3
7352 0
7353 1
7354 8
7355 9
7356 1
7357 0
7358 6
7359 4
7360 1
7361 2
7362 1
7363 2
7364 9
7365 0
7366 6
7367 9
7368 3
7369 2
7370 8
7371 0
7372 3
7373 6
7374 8
7375 2
7376 2
7377 4
7378 5
7379 1
7380 6
7381 5
7382 9
7383 2
7384 9
7385 0
7386 8
7387 5
7388 5
7389 1
7390 8
7391 0
7392 9
7393 7
7394 2
7395 9
7396 5
7397 0
7398 6
7399 9
7400 6
7401 8
7402 3
7403 2
7404 1
7405 1
7406 9
7407 4
7408 7
7409 0
7410 1
7411 4
7412 4
7413 9
7414 5
7415 9
7416 0
7417 1
7418 8
7419 2
7420 5
7421 5
7422 8
7423 4
7424 6
7425 2
7426 2
7427 5
7428 1
7429 3
7430 7
7431 5
7432 0
7433 3
7434 9
7435 5
7436 7
7437 9
7438 3
7439 6
7440 9
7441 6
7442 0
7443 9
7444 8
7445 9
7446 9
7447 5
7448 7
7449 1
7450 2
7451 5
7452 0
7453 4
7454 9
7455 7
7456 7
7457 9
7458 6
7459 5
7460 6
7461 1
7462 1
7463 7
7464 5
7465 3
7466 9
7467 8
7468 9
7469 3
7470 6
7471 8
7472 0
7473 8
7474 5
7475 2
7476 5
7477 6
7478 1
7479 2
7480 6
7481 0
7482 4
7483 0
7484 2
7485 0
7486 1
7487 0
7488 9
7489 6
7490 3
7491 8
7492 9
7493 9
7494 3
7495 5
7496 6
7497 2
7498 8
7499 6
7500 7
7501 5
7502 5
7503 3
7504 8
7505 8
7506 0
7507 8
7508 0
7509 6
7510 2
7511 7
7512 0
7513 4
7514 2
7515 3
7516 8
7517 1
7518 4
7519 0
7520 6
7521 3
7522 8
7523 1
7524 2
7525 5
7526 3
7527 4
7528 2
7529 8
7530 7
7531 9
7532 8
7533 8
7534 1
7535 1
7536 9
7537 8
7538 5
7539 0
7540 6
7541 3
7542 9
7543 5
7544 4
7545 2
7546 9
7547 7
7548 8
7549 8
7550 4
7551 6
7552 2
7553 6
7554 0
7555 6
7556 7
7557 1
7558 8
7559 5
7560 9
7561 3
7562 2
7563 5
7564 7
7565 9
7566 2
7567 0
7568 1
7569 7
7570 3
7571 1
7572 3
7573 6
7574 0
7575 8
7576 3
7577 9
7578 8
7579 3
7580 4
7581 5
7582 1
7583 9
7584 3
7585 5
7586 9
7587 3
7588 7
7589 4
7590 6
7591 3
7592 7
7593 4
7594 6
7595 2
7596 5
7597 1
7598 4
7599 6
7600 2
7601 4
7602 4
7603 4
7604 3
7605 4
7606 4
7607 6
7608 4
7609 6
7610 8
7611 4
7612 7
7613 0
7614 4
7615 4
7616 1
7617 5
7618 2
7619 4
7620 7
7621 7
7622 6
7623 5
7624 1
7625 2
7626 7
7627 0
7628 0
7629 2
7630 9
7631 3
7632 9
7633 2
7634 1
7635 4
7636 1
7637 8
7638 0
7639 2
7640 7
7641 7
7642 6
7643 1
7644 0
7645 3
7646 5
7647 3
7648 3
7649 3
7650 1
7651 4
7652 1
7653 1
7654 0
7655 0
7656 2
7657 6
7658 2
7659 6
7660 9
7661 2
7662 2
7663 7
7664 6
7665 7
7666 4
7667 5
7668 1
7669 7
7670 8
7671 1
7672 5
7673 3
7674 9
7675 8
7676 6
7677 1
7678 1
7679 7
7680 1
7681 2
7682 1
7683 6
7684 8
7685 2
7686 2
7687 8
7688 7
7689 6
7690 8
7691 8
7692 6
7693 2
7694 8
7695 5
7696 4
7697 3
7698 3
7699 0
7700 0
7701 3
7702 3
7703 4
7704 1
7705 5
7706 8
7707 2
7708 7
7709 4
7710 9
7711 9
7712 7
7713 5
7714 5
7715 3
7716 3
7717 9
7718 3
7719 2
7720 2
7721 1
7722 5
7723 4
7724 2
7725 0
7726 6
7727 3
7728 5
7729 7
7730 6
7731 1
7732 9
7733 8
7734 9
7735 0
7736 2
7737 5
7738 8
7739 9
7740 1
7741 7
7742 1
7743 2
7744 1
7745 1
7746 2
7747 3
7748 4
7749 6
7750 0
7751 2
7752 1
7753 6
7754 5
7755 9
7756 4
7757 8
7758 5
7759 0
7760 4
7761 5
7762 8
7763 8
7764 5
7765 4
7766 0
7767 2
7768 1
7769 6
7770 1
7771 2
7772 7
7773 4
7774 0
7775 3
7776 3
7777 6
7778 0
7779 6
7780 9
7781 7
7782 6
7783 6
7784 3
7785 5
7786 5
7787 1
7788 5
7789 7
7790 6
7791 1
7792 5
7793 0
7794 6
7795 5
7796 2
7797 3
7798 6
7799 0
7800 0
7801 4
7802 9
7803 6
7804 3
7805 6
7806 9
7807 6
7808 0
7809 7
7810 0
7811 8
7812 6
7813 1
7814 9
7815 8
7816 7
7817 7
7818 7
7819 6
7820 8
7821 5
7822 8
7823 4
7824 6
7825 3
7826 4
7827 5
7828 0
7829 6
7830 9
7831 7
7832 5
7833 8
7834 1
7835 1
7836 9
7837 5
7838 2
7839 6
7840 1
7841 0
7842 5
7843 2
7844 0
7845 0
7846 6
7847 3
7848 1
7849 1
7850 5
7851 0
7852 3
7853 0
7854 6
7855 1
7856 2
7857 8
7858 9
7859 4
7860 0
7861 5
7862 1
7863 8
7864 6
7865 9
7866 1
7867 9
7868 7
7869 6
7870 0
7871 9
7872 1
7873 0
7874 8
7875 7
7876 3
7877 1
7878 7
7879 6
7880 8
7881 3
7882 6
7883 1
7884 8
7885 4
7886 6
7887 0
7888 4
7889 6
7890 9
7891 0
7892 6
7893 1
7894 7
7895 5
7896 5
7897 6
7898 8
7899 0
7900 2
7901 6
7902 9
7903 3
7904 1
7905 1
7906 4
7907 2
7908 9
7909 5
7910 1
7911 0
7912 1
7913 6
7914 5
7915 3
7916 7
7917 4
7918 8
7919 8
7920 8
7921 2
7922 1
7923 1
7924 9
7925 2
7926 9
7927 0
7928 3
7929 3
7930 9
7931 8
7932 9
7933 4
7934 0
7935 4
7936 5
7937 4
7938 5
7939 0
7940 4
7941 6
7942 2
7943 3
7944 7
7945 1
7946 9
7947 9
7948 0
7949 1
7950 3
7951 0
7952 1
7953 5
7954 9
7955 7
7956 0
7957 9
7958 6
7959 4
7960 8
7961 5
7962 9
7963 4
7964 6
7965 0
7966 6
7967 2
7968 8
7969 2
7970 5
7971 6
7972 7
7973 2
7974 0
7975 5
7976 1
7977 3
7978 9
7979 8
7980 9
7981 1
7982 7
7983 2
7984 2
7985 7
7986 9
7987 1
7988 1
7989 0
7990 2
7991 6
7992 5
7993 1
7994 0
7995 8
7996 3
7997 6
7998 0
7999 8
8000 8
8001 9
8002 6
8003 9
8004 5
8005 4
8006 9
8007 2
8008 5
8009 9
8010 4
8011 4
8012 2
8013 9
8014 8
8015 7
8016 3
8017 7
8018 0
8019 7
8020 1
8021 7
8022 7
8023 5
8024 1
8025 8
8026 0
8027 0
8028 9
8029 5
8030 8
8031 7
8032 2
8033 7
8034 0
8035 4
8036 3
8037 3
8038 4
8039 7
8040 0
8041 7
8042 6
8043 6
8044 1
8045 7
8046 1
8047 6
8048 2
8049 0
8050 6
8051 8
8052 2
8053 0
8054 6
8055 3
8056 5
8057 1
8058 1
8059 7
8060 1
8061 1
8062 9
8063 5
8064 8
8065 1
8066 0
8067 4
8068 3
8069 8
8070 7
8071 0
8072 4
8073 5
8074 9
8075 6
8076 6
8077 5
8078 6
8079 6
8080 1
8081 6
8082 2
8083 4
8084 3
8085 3
8086 0
8087 6
8088 6
8089 1
8090 2
8091 3
8092 7
8093 4
8094 7
8095 3
8096 0
8097 9
8098 2
8099 1
8100 2
8101 7
8102 7
8103 5
8104 3
8105 2
8106 4
8107 2
8108 9
8109 6
8110 2
8111 5
8112 1
8113 3
8114 5
8115 1
8116 3
8117 3
8118 1
8119 2
8120 6
8121 2
8122 2
8123 8
8124 8
8125 2
8126 6
8127 8
8128 8
8129 3
8130 5
8131 1
8132 4
8133 4
8134 3
8135 3
8136 7
8137 9
8138 6
8139 2
8140 2
8141 8
8142 3
8143 5
8144 6
8145 8
8146 0
8147 7
8148 1
8149 1
8150 0
8151 3
8152 3
8153 1
8154 6
8155 6
8156 1
8157 9
8158 3
8159 7
8160 8
8161 7
8162 5
8163 6
8164 9
8165 1
8166 0
8167 6
8168 7
8169 8
8170 9
8171 2
8172 3
8173 7
8174 5
8175 3
8176 3
8177 3
8178 9
8179 8
8180 3
8181 7
8182 4
8183 6
8184 1
8185 2
8186 0
8187 0
8188 1
8189 8
8190 9
8191 4
8192 3
8193 7
8194 6
8195 3
8196 9
8197 6
8198 9
8199 6
8200 4
8201 5
8202 7
8203 9
8204 3
8205 8
8206 3
8207 7
8208 4
8209 9
8210 0
8211 7
8212 0
8213 6
8214 2
8215 1
8216 6
8217 5
8218 0
8219 7
8220 3
8221 5
8222 0
8223 3
8224 9
8225 5
8226 0
8227 2
8228 1
8229 5
8230 8
8231 3
8232 2
8233 3
8234 7
8235 6
8236 5
8237 9
8238 0
8239 7
8240 9
8241 3
8242 5
8243 3
8244 9
8245 6
8246 8
8247 8
8248 2
8249 7
8250 8
8251 7
8252 1
8253 1
8254 7
8255 4
8256 1
8257 5
8258 5
8259 5
8260 9
8261 7
8262 8
8263 8
8264 9
8265 7
8266 4
8267 7
8268 8
8269 9
8270 6
8271 6
8272 1
8273 0
8274 3
8275 8
8276 7
8277 9
8278 9
8279 3
8280 8
8281 8
8282 4
8283 8
8284 8
8285 7
8286 6
8287 8
8288 3
8289 0
8290 1
8291 7
8292 1
8293 0
8294 3
8295 5
8296 7
8297 8
8298 7
8299 8
8300 9
8301 6
8302 3
8303 7
8304 3
8305 9
8306 8
8307 4
8308 5
8309 2
8310 7
8311 7
8312 7
8313 0
8314 1
8315 3
8316 8
8317 2
8318 3
8319 5
8320 8
8321 7
8322 3
8323 3
8324 0
8325 3
8326 3
8327 1
8328 2
8329 0
8330 2
8331 3
8332 3
8333 2
8334 2
8335 0
8336 7
8337 7
8338 2
8339 6
8340 7
8341 8
8342 5
8343 0
8344 4
8345 7
8346 1
8347 3
8348 9
8349 4
8350 9
8351 4
8352 9
8353 3
8354 8
8355 1
8356 1
8357 1
8358 9
8359 7
8360 1
8361 2
8362 4
8363 4
8364 9
8365 8
8366 9
8367 2
8368 7
8369 6
8370 8
8371 5
8372 0
8373 9
8374 0
8375 7
8376 0
8377 2
8378 7
8379 0
8380 3
8381 7
8382 1
8383 3
8384 6
8385 6
8386 8
8387 8
8388 2
8389 5
8390 6
8391 5
8392 2
8393 6
8394 9
8395 1
8396 0
8397 3
8398 7
8399 2
8400 0
8401 4
8402 1
8403 1
8404 2
8405 6
8406 8
8407 3
8408 8
8409 1
8410 7
8411 3
8412 6
8413 8
8414 0
8415 4
8416 7
8417 9
8418 0
8419 1
8420 9
8421 2
8422 1
8423 4
8424 1
8425 1
8426 8
8427 7
8428 4
8429 9
8430 4
8431 4
8432 2
8433 7
8434 0
8435 6
8436 6
8437 5
8438 9
8439 5
8440 0
8441 2
8442 8
8443 4
8444 7
8445 3
8446 7
8447 6
8448 7
8449 0
8450 6
8451 1
8452 9
8453 3
8454 6
8455 8
8456 1
8457 7
8458 8
8459 5
8460 7
8461 4
8462 4
8463 5
8464 5
8465 5
8466 9
8467 1
8468 9
8469 3
8470 1
8471 4
8472 8
8473 2
8474 4
8475 0
8476 3
8477 0
8478 0
8479 3
8480 8
8481 0
8482 7
8483 3
8484 0
8485 9
8486 6
8487 4
8488 5
8489 8
8490 1
8491 2
8492 1
8493 4
8494 7
8495 4
8496 2
8497 2
8498 2
8499 0
8500 6
8501 7
8502 7
8503 7
8504 5
8505 2
8506 8
8507 0
8508 3
8509 0
8510 4
8511 3
8512 8
8513 9
8514 4
8515 5
8516 0
8517 2
8518 7
8519 8
8520 8
8521 6
8522 9
8523 8
8524 3
8525 9
8526 3
8527 7
8528 0
8529 7
8530 2
8531 9
8532 3
8533 2
8534 0
8535 5
8536 2
8537 1
8538 4
8539 4
8540 5
8541 5
8542 8
8543 2
8544 5
8545 0
8546 7
8547 6
8548 6
8549 3
8550 9
8551 5
8552 1
8553 6
8554 2
8555 5
8556 3
8557 4
8558 6
8559 0
8560 4
8561 9
8562 0
8563 8
8564 3
8565 0
8566 4
8567 2
8568 8
8569 4
8570 7
8571 8
8572 5
8573 6
8574 5
8575 8
8576 4
8577 2
8578 5
8579 5
8580 9
8581 3
8582 6
8583 6
8584 2
8585 8
8586 4
8587 6
8588 2
8589 4
8590 0
8591 9
8592 7
8593 7
8594 9
8595 7
8596 2
8597 8
8598 3
8599 3
8600 1
8601 0
8602 6
8603 4
8604 5
8605 7
8606 6
8607 3
8608 7
8609 6
8610 4
8611 2
8612 6
8613 6
8614 2
8615 9
8616 0
8617 7
8618 7
8619 3
8620 4
8621 4
8622 1
8623 2
8624 3
8625 4
8626 0
8627 7
8628 7
8629 6
8630 1
8631 3
8632 8
8633 5
8634 4
8635 9
8636 9
8637 9
8638 1
8639 4
8640 9
8641 2
8642 9
8643 3
8644 6
8645 0
8646 9
8647 1
8648 0
8649 5
8650 6
8651 9
8652 0
8653 9
8654 7
8655 8
8656 4
8657 8
8658 0
8659 7
8660 1
8661 5
8662 4
8663 2
8664 5
8665 1
8666 5
8667 4
8668 6
8669 7
8670 1
8671 9
8672 5
8673 6
8674 7
8675 7
8676 5
8677 6
8678 5
8679 7
8680 7
8681 5
8682 3
8683 2
8684 5
8685 7
8686 0
8687 8
8688 7
8689 4
8690 8
8691 5
8692 4
8693 6
8694 2
8695 4
8696 9
8697 3
8698 9
8699 0
8700 9
8701 6
8702 7
8703 3
8704 6
8705 1
8706 4
8707 3
8708 1
8709 7
8710 0
8711 0
8712 0
8713 4
8714 7
8715 5
8716 0
8717 5
8718 6
8719 5
8720 4
8721 3
8722 7
8723 3
8724 7
8725 2
8726 6
8727 8
8728 8
8729 0
8730 0
8731 1
8732 5
8733 6
8734 1
8735 4
8736 0
8737 7
8738 4
8739 6
8740 3
8741 6
8742 0
8743 8
8744 9
8745 3
8746 4
8747 5
8748 8
8749 8
8750 1
8751 6
8752 6
8753 9
8754 9
8755 4
8756 5
8757 7
8758 1
8759 0
8760 6
8761 6
8762 8
8763 8
8764 6
8765 6
8766 3
8767 2
8768 3
8769 5
8770 5
8771 3
8772 6
8773 2
8774 1
8775 9
8776 5
8777 4
8778 6
8779 8
8780 1
8781 0
8782 8
8783 8
8784 1
8785 0
8786 4
8787 0
8788 8
8789 1
8790 6
8791 4
8792 4
8793 7
8794 4
8795 2
8796 8
8797 3
8798 0
8799 1
8800 4
8801 5
8802 2
8803 5
8804 3
8805 9
8806 9
8807 9
8808 5
8809 4
8810 3
8811 7
8812 3
8813 3
8814 9
8815 2
8816 6
8817 3
8818 0
8819 9
8820 7
8821 6
8822 8
8823 0
8824 1
8825 0
8826 3
8827 3
8828 4
8829 7
8830 2
8831 4
8832 5
8833 7
8834 1
8835 9
8836 1
8837 2
8838 3
8839 3
8840 0
8841 5
8842 3
8843 3
8844 1
8845 5
8846 2
8847 0
8848 6
8849 1
8850 1
8851 4
8852 5
8853 9
8854 1
8855 8
8856 0
8857 8
8858 6
8859 9
8860 2
8861 4
8862 6
8863 8
8864 6
8865 9
8866 0
8867 4
8868 1
8869 7
8870 4
8871 1
8872 3
8873 8
8874 2
8875 5
8876 1
8877 7
8878 7
8879 6
8880 9
8881 6
8882 6
8883 0
8884 7
8885 8
8886 1
8887 2
8888 2
8889 4
8890 9
8891 5
8892 2
8893 5
8894 3
8895 0
8896 1
8897 5
8898 0
8899 8
8900 1
8901 4
8902 3
8903 0
8904 9
8905 7
8906 8
8907 8
8908 0
8909 8
8910 5
8911 5
8912 6
8913 1
8914 6
8915 7
8916 0
8917 0
8918 5
8919 2
8920 1
8921 7
8922 8
8923 1
8924 5
8925 3
8926 4
8927 2
8928 7
8929 8
8930 0
8931 9
8932 2
8933 7
8934 8
8935 8
8936 1
8937 8
8938 9
8939 3
8940 4
8941 5
8942 5
8943 3
8944 5
8945 1
8946 8
8947 6
8948 7
8949 2
8950 1
8951 9
8952 3
8953 7
8954 2
8955 5
8956 3
8957 9
8958 8
8959 6
8960 8
8961 8
8962 6
8963 1
8964 8
8965 0
8966 7
8967 1
8968 7
8969 8
8970 9
8971 4
8972 1
8973 0
8974 7
8975 7
8976 1
8977 9
8978 4
8979 9
8980 4
8981 0
8982 2
8983 3
8984 1
8985 7
8986 7
8987 7
8988 2
8989 5
8990 3
8991 7
8992 7
8993 2
8994 0
8995 7
8996 9
8997 8
8998 7
8999 1
9000 3
9001 8
9002 5
9003 3
9004 6
9005 4
9006 0
9007 1
9008 1
9009 4
9010 0
9011 1
9012 4
9013 0
9014 5
9015 9
9016 5
9017 8
9018 3
9019 4
9020 1
9021 0
9022 6
9023 9
9024 6
9025 6
9026 0
9027 9
9028 4
9029 7
9030 0
9031 7
9032 5
9033 5
9034 4
9035 2
9036 7
9037 5
9038 3
9039 3
9040 8
9041 6
9042 1
9043 4
9044 0
9045 0
9046 3
9047 6
9048 3
9049 8
9050 8
9051 7
9052 4
9053 4
9054 7
9055 0
9056 4
9057 3
9058 7
9059 3
9060 2
9061 0
9062 3
9063 7
9064 2
9065 8
9066 9
9067 4
9068 1
9069 9
9070 3
9071 2
9072 0
9073 8
9074 2
9075 4
9076 8
9077 1
9078 7
9079 8
9080 0
9081 5
9082 4
9083 4
9084 0
9085 0
9086 6
9087 6
9088 4
9089 7
9090 0
9091 4
9092 1
9093 9
9094 3
9095 1
9096 9
9097 4
9098 7
9099 1
9100 1
9101 3
9102 8
9103 1
9104 3
9105 6
9106 9
9107 5
9108 1
9109 5
9110 9
9111 8
9112 7
9113 6
9114 8
9115 3
9116 4
9117 6
9118 5
9119 6
9120 5
9121 5
9122 5
9123 7
9124 6
9125 0
9126 6
9127 2
9128 0
9129 7
9130 8
9131 2
9132 0
9133 1
9134 8
9135 5
9136 3
9137 4
9138 0
9139 5
9140 5
9141 1
9142 4
9143 8
9144 4
9145 4
9146 0
9147 5
9148 3
9149 0
9150 4
9151 3
9152 9
9153 4
9154 6
9155 9
9156 9
9157 0
9158 6
9159 2
9160 0
9161 6
9162 8
9163 3
9164 3
9165 8
9166 0
9167 2
9168 5
9169 9
9170 0
9171 4
9172 4
9173 8
9174 5
9175 3
9176 4
9177 7
9178 5
9179 7
9180 8
9181 2
9182 6
9183 1
9184 2
9185 7
9186 9
9187 1
9188 1
9189 6
9190 4
9191 8
9192 9
9193 1
9194 9
9195 8
9196 8
9197 7
9198 5
9199 9
9200 5
9201 9
9202 2
9203 2
9204 2
9205 5
9206 3
9207 7
9208 6
9209 7
9210 9
9211 3
9212 2
9213 5
9214 4
9215 2
9216 7
9217 1
9218 5
9219 2
9220 5
9221 4
9222 7
9223 2
9224 5
9225 8
9226 2
9227 3
9228 8
9229 1
9230 0
9231 1
9232 6
9233 9
9234 9
9235 9
9236 6
9237 6
9238 7
9239 2
9240 4
9241 7
9242 6
9243 6
9244 5
9245 1
9246 8
9247 1
9248 5
9249 4
9250 6
9251 4
9252 9
9253 6
9254 5
9255 1
9256 1
9257 9
9258 9
9259 4
9260 8
9261 0
9262 2
9263 2
9264 1
9265 2
9266 2
9267 6
9268 2
9269 8
9270 5
9271 9
9272 8
9273 1
9274 3
9275 1
9276 7
9277 9
9278 9
9279 9
9280 0
9281 6
9282 3
9283 2
9284 7
9285 8
9286 3
9287 3
9288 7
9289 1
9290 5
9291 6
9292 6
9293 8
9294 3
9295 5
9296 4
9297 3
9298 7
9299 8
9300 4
9301 1
9302 3
9303 5
9304 4
9305 2
9306 9
9307 8
9308 7
9309 8
9310 0
9311 7
9312 0
9313 7
9314 1
9315 3
9316 4
9317 6
9318 0
9319 8
9320 9
9321 5
9322 7
9323 0
9324 9
9325 7
9326 3
9327 1
9328 7
9329 4
9330 3
9331 4
9332 2
9333 4
9334 7
9335 3
9336 7
9337 9
9338 3
9339 6
9340 5
9341 0
9342 8
9343 4
9344 2
9345 9
9346 8
9347 4
9348 4
9349 6
9350 1
9351 3
9352 5
9353 7
9354 7
9355 0
9356 4
9357 5
9358 7
9359 1
9360 2
9361 7
9362 2
9363 9
9364 8
9365 5
9366 4
9367 6
9368 5
9369 5
9370 7
9371 9
9372 6
9373 4
9374 0
9375 5
9376 7
9377 2
9378 0
9379 7
9380 3
9381 1
9382 1
9383 1
9384 1
9385 3
9386 4
9387 2
9388 5
9389 5
9390 8
9391 5
9392 1
9393 8
9394 1
9395 4
9396 9
9397 5
9398 4
9399 9
9400 6
9401 4
9402 4
9403 9
9404 1
9405 9
9406 7
9407 6
9408 8
9409 1
9410 7
9411 7
9412 9
9413 5
9414 7
9415 3
9416 2
9417 2
9418 8
9419 7
9420 3
9421 9
9422 2
9423 6
9424 2
9425 7
9426 3
9427 9
9428 1
9429 3
9430 6
9431 1
9432 3
9433 2
9434 7
9435 6
9436 3
9437 8
9438 1
9439 4
9440 2
9441 3
9442 7
9443 5
9444 9
9445 3
9446 7
9447 7
9448 1
9449 0
9450 1
9451 9
9452 4
9453 7
9454 3
9455 5
9456 8
9457 3
9458 7
9459 0
9460 6
9461 6
9462 5
9463 6
9464 6
9465 7
9466 7
9467 1
9468 7
9469 7
9470 6
9471 9
9472 3
9473 6
9474 8
9475 1
9476 2
9477 9
9478 0
9479 1
9480 8
9481 3
9482 3
9483 8
9484 4
9485 9
9486 1
9487 1
9488 0
9489 9
9490 7
9491 1
9492 6
9493 1
9494 4
9495 5
9496 7
9497 4
9498 7
9499 7
9500 7
9501 4
9502 9
9503 7
9504 8
9505 5
9506 8
9507 0
9508 2
9509 3
9510 5
9511 6
9512 9
9513 6
9514 7
9515 4
9516 1
9517 4
9518 8
9519 8
9520 1
9521 4
9522 6
9523 7
9524 4
9525 9
9526 2
9527 5
9528 1
9529 8
9530 9
9531 7
9532 8
9533 3
9534 0
9535 7
9536 4
9537 7
9538 7
9539 3
9540 7
9541 9
9542 7
9543 8
9544 8
9545 6
9546 4
9547 6
9548 3
9549 7
9550 3
9551 6
9552 3
9553 0
9554 7
9555 8
9556 4
9557 0
9558 3
9559 6
9560 1
9561 5
9562 8
9563 9
9564 8
9565 0
9566 2
9567 6
9568 1
9569 2
9570 3
9571 2
9572 9
9573 2
9574 7
9575 9
9576 1
9577 1
9578 6
9579 4
9580 8
9581 9
9582 1
9583 7
9584 8
9585 4
9586 9
9587 2
9588 6
9589 3
9590 6
9591 2
9592 8
9593 4
9594 8
9595 6
9596 3
9597 2
9598 1
9599 5
9600 9
9601 1
9602 8
9603 0
9604 2
9605 3
9606 5
9607 1
9608 7
9609 0
9610 4
9611 0
9612 8
9613 5
9614 6
9615 2
9616 0
9617 5
9618 5
9619 7
9620 3
9621 2
9622 3
9623 2
9624 4
9625 4
9626 5
9627 3
9628 6
9629 8
9630 7
9631 7
9632 8
9633 5
9634 6
9635 9
9636 3
9637 8
9638 7
9639 6
9640 0
9641 2
9642 0
9643 1
9644 7
9645 9
9646 6
9647 2
9648 5
9649 9
9650 1
9651 8
9652 1
9653 2
9654 9
9655 6
9656 1
9657 0
9658 1
9659 0
9660 0
9661 8
9662 9
9663 6
9664 4
9665 1
9666 2
9667 1
9668 8
9669 3
9670 5
9671 6
9672 1
9673 4
9674 2
9675 0
9676 8
9677 4
9678 9
9679 7
9680 2
9681 2
9682 8
9683 2
9684 8
9685 8
9686 8
9687 0
9688 3
9689 1
9690 3
9691 8
9692 0
9693 9
9694 1
9695 7
9696 1
9697 9
9698 0
9699 3
9700 6
9701 0
9702 4
9703 8
9704 6
9705 0
9706 7
9707 8
9708 3
9709 2
9710 1
9711 8
9712 7
9713 9
9714 9
9715 8
9716 2
9717 6
9718 1
9719 4
9720 8
9721 8
9722 0
9723 6
9724 3
9725 7
9726 3
9727 7
9728 5
9729 4
9730 9
9731 7
9732 8
9733 1
9734 7
9735 4
9736 8
9737 0
9738 5
9739 1
9740 4
9741 8
9742 0
9743 9
9744 5
9745 6
9746 5
9747 6
9748 6
9749 0
9750 2
9751 6
9752 1
9753 1
9754 9
9755 9
9756 1
9757 7
9758 1
9759 7
9760 1
9761 3
9762 7
9763 1
9764 5
9765 1
9766 1
9767 1
9768 7
9769 9
9770 3
9771 7
9772 2
9773 1
9774 3
9775 4
9776 2
9777 2
9778 8
9779 2
9780 7
9781 4
9782 4
9783 6
9784 0
9785 4
9786 1
9787 8
9788 2
9789 8
9790 0
9791 2
9792 1
9793 2
9794 5
9795 2
9796 9
9797 2
9798 0
9799 0
9800 0
9801 5
9802 5
9803 9
9804 0
9805 1
9806 2
9807 4
9808 8
9809 1
9810 4
9811 0
9812 9
9813 3
9814 8
9815 0
9816 5
9817 9
9818 9
9819 2
9820 9
9821 3
9822 3
9823 3
9824 3
9825 2
9826 4
9827 6
9828 6
9829 3
9830 3
9831 4
9832 5
9833 7
9834 3
9835 2
9836 3
9837 9
9838 3
9839 2
9840 3
9841 5
9842 2
9843 5
9844 9
9845 8
9846 8
9847 1
9848 2
9849 6
9850 5
9851 2
9852 0
9853 6
9854 1
9855 6
9856 0
9857 9
9858 6
9859 7
9860 4
9861 8
9862 2
9863 5
9864 6
9865 2
9866 9
9867 6
9868 9
9869 8
9870 8
9871 1
9872 3
9873 9
9874 6
9875 5
9876 6
9877 8
9878 6
9879 9
9880 6
9881 9
9882 4
9883 5
9884 8
9885 5
9886 6
9887 1
9888 5
9889 2
9890 8
9891 3
9892 3
9893 7
9894 8
9895 4
9896 3
9897 8
9898 1
9899 9
9900 7
9901 5
9902 7
9903 6
9904 6
9905 9
9906 4
9907 1
9908 7
9909 9
9910 7
9911 3
9912 4
9913 5
9914 7
9915 4
9916 3
9917 5
9918 8
9919 9
9920 5
9921 9
9922 8
9923 7
9924 4
9925 7
9926 9
9927 9
9928 5
9929 1
9930 1
9931 8
9932 0
9933 9
9934 4
9935 7
9936 2
9937 0
9938 6
9939 2
9940 7
9941 2
9942 1
9943 3
9944 5
9945 7
9946 1
9947 0
9948 5
9949 0
9950 9
9951 9
9952 5
9953 5
9954 5
9955 1
9956 7
9957 3
9958 5
9959 8
9960 7
9961 8
9962 8
9963 6
9964 9
9965 3
9966 9
9967 3
9968 9
9969 3
9970 2
9971 8
9972 5
9973 3
9974 6
9975 1
9976 4
9977 4
9978 2
9979 1
9980 5
9981 3
9982 4
9983 6
9984 4
9985 8
9986 5
9987 3
9988 4
9989 9
9990 9
9991 1
9992 4
9993 4
9994 1
9995 7
9996 5
9997 4
9998 2
9999 0
10000 2
10001 7
10002 1
10003 6
10004 2
10005 3
10006 5
10007 3
10008 3
10009 4
10010 6
