1 1
2 1
3 8
4 7
5 4
6 5
7 2
8 3
9 5
10 1
11 1
12 2
13 6
14 5
15 0
16 1
17 0
18 5
19 4
20 5
21 9
22 5
23 4
24 8
25 0
26 1
27 5
28 8
29 3
30 9
31 6
32 5
33 1
34 9
35 3
36 5
37 1
38 2
39 1
40 5
41 6
42 9
43 2
44 6
45 8
46 1
47 5
48 8
49 5
50 8
51 6
52 0
53 3
54 5
55 3
56 0
57 1
58 0
59 1
60 0
61 4
62 1
63 2
64 6
65 1
66 9
67 8
68 7
69 8
70 0
71 4
72 1
73 8
74 7
75 2
76 3
77 5
78 2
79 5
80 4
81 0
82 7
83 3
84 8
85 7
86 0
87 2
88 4
89 6
90 5
91 7
92 6
93 0
94 6
95 0
96 8
97 6
98 5
99 7
100 9
101 4
102 3
103 3
104 7
105 8
106 3
107 1
108 1
109 5
110 4
111 0
112 3
113 6
114 2
115 4
116 6
117 9
118 9
119 1
120 3
121 2
122 5
123 7
124 9
125 6
126 3
127 6
128 8
129 4
130 8
131 9
132 8
133 6
134 6
135 2
136 1
137 6
138 4
139 9
140 1
141 1
142 1
143 7
144 3
145 0
146 3
147 5
148 1
149 7
150 0
151 1
152 3
153 0
154 4
155 8
156 7
157 1
158 6
159 1
160 6
161 0
162 3
163 9
164 3
165 4
166 8
167 1
168 8
169 6
170 1
171 7
172 2
173 5
174 4
175 1
176 9
177 6
178 4
179 0
180 4
181 6
182 0
183 2
184 7
185 0
186 9
187 2
188 6
189 4
190 1
191 3
192 8
193 9
194 0
195 8
196 5
197 8
198 9
199 1
200 1
201 5
202 7
203 4
204 5
205 5
206 8
207 1
208 2
209 7
210 7
211 2
212 7
213 0
214 8
215 3
216 2
217 9
218 0
219 0
220 5
221 1
222 3
223 6
224 2
225 6
226 0
227 2
228 7
229 9
230 9
231 0
232 6
233 9
234 0
235 5
236 2
237 3
238 7
239 5
240 6
241 1
242 8
243 1
244 9
245 2
246 1
247 3
248 7
249 2
250 6
251 3
252 4
253 9
254 9
255 9
256 4
257 1
258 3
259 9
260 3
261 7
262 5
263 6
264 5
265 1
266 1
267 1
268 8
269 4
270 8
271 1
272 3
273 6
274 2
275 1
276 6
277 5
278 2
279 7
280 6
281 1
282 4
283 2
284 2
285 9
286 4
287 9
288 1
289 2
290 6
291 3
292 5
293 9
294 6
295 5
296 2
297 4
298 2
299 3
300 4
301 5
302 4
303 0
304 3
305 5
306 7
307 3
308 5
309 3
310 1
311 6
312 7
313 6
314 9
315 9
316 3
317 7
318 4
319 2
320 2
321 5
322 7
323 5
324 4
325 9
326 0
327 8
328 4
329 2
330 4
331 9
332 2
333 6
334 4
335 9
336 2
337 3
338 2
339 9
340 2
341 6
342 7
343 6
344 1
345 7
346 4
347 9
348 8
349 3
350 8
351 4
352 5
353 5
354 2
355 1
356 0
357 5
358 2
359 0
360 9
361 9
362 0
363 3
364 0
365 6
366 5
367 9
368 6
369 0
370 2
371 4
372 5
373 2
374 7
375 2
376 7
377 1
378 0
379 0
380 6
381 7
382 9
383 3
384 6
385 6
386 0
387 6
388 6
389 9
390 4
391 0
392 4
393 2
394 3
395 2
396 6
397 7
398 8
399 2
400 6
401 9
402 6
403 7
404 3
405 2
406 1
407 2
408 4
409 0
410 3
411 4
412 7
413 1
414 8
415 6
416 1
417 9
418 1
419 4
420 4
421 3
422 2
423 2
424 1
425 6
426 4
427 4
428 3
429 0
430 6
431 5
432 0
433 4
434 7
435 0
436 5
437 6
438 7
439 4
440 5
441 6
442 8
443 1
444 9
445 0
446 9
447 1
448 2
449 8
450 7
451 5
452 3
453 9
454 9
455 7
456 8
457 6
458 2
459 4
460 3
461 4
462 0
463 7
464 4
465 1
466 4
467 2
468 9
469 4
470 2
471 3
472 5
473 7
474 0
475 6
476 4
477 9
478 1
479 0
480 2
481 4
482 5
483 2
484 6
485 0
486 7
487 3
488 6
489 3
490 9
491 2
492 8
493 4
494 1
495 3
496 3
497 8
498 5
499 9
500 9
501 4
502 5
503 1
504 8
505 6
506 4
507 6
508 6
509 9
510 5
511 8
512 0
513 4
514 5
515 2
516 5
517 1
518 3
519 4
520 6
521 7
522 4
523 9
524 1
525 4
526 9
527 0
528 9
529 8
530 1
531 1
532 3
533 2
534 5
535 3
536 1
537 0
538 7
539 1
540 8
541 0
542 2
543 3
544 2
545 8
546 3
547 3
548 9
549 7
550 2
551 4
552 6
553 2
554 3
555 4
556 7
557 4
558 1
559 9
560 5
561 9
562 2
563 7
564 3
565 2
566 0
567 6
568 1
569 4
570 8
571 5
572 0
573 8
574 0
575 8
576 7
577 0
578 6
579 3
580 7
581 5
582 5
583 6
584 5
585 5
586 2
587 6
588 5
589 0
590 3
591 0
592 3
593 9
594 3
595 2
596 0
597 3
598 6
599 2
600 5
601 4
602 5
603 0
604 0
605 7
606 1
607 4
608 2
609 1
610 2
611 2
612 8
613 1
614 2
615 1
616 0
617 0
618 9
619 7
620 4
621 5
622 3
623 1
624 0
625 8
626 5
627 4
628 6
629 1
630 3
631 6
632 7
633 1
634 4
635 2
636 9
637 1
638 2
639 2
640 7
641 6
642 4
643 5
644 4
645 3
646 3
647 7
648 2
649 6
650 0
651 4
652 6
653 6
654 6
655 1
656 3
657 6
658 4
659 5
660 7
661 0
662 2
663 0
664 0
665 0
666 8
667 0
668 3
669 8
670 8
671 5
672 7
673 6
674 8
675 6
676 2
677 8
678 4
679 6
680 4
681 5
682 6
683 6
684 1
685 2
686 6
687 9
688 0
689 4
690 8
691 5
692 8
693 8
694 7
695 9
696 9
697 1
698 6
699 8
700 8
701 9
702 8
703 4
704 2
705 4
706 3
707 8
708 2
709 0
710 2
711 5
712 2
713 5
714 4
715 2
716 7
717 9
718 2
719 6
720 9
721 7
722 3
723 3
724 6
725 2
726 9
727 2
728 9
729 6
730 3
731 3
732 2
733 3
734 9
735 4
736 4
737 0
738 0
739 1
740 4
741 3
742 4
743 7
744 9
745 1
746 2
747 1
748 9
749 9
750 7
751 5
752 8
753 3
754 7
755 6
756 7
757 4
758 1
759 4
760 6
761 6
762 1
763 1
764 3
765 3
766 3
767 3
768 5
769 7
770 0
771 8
772 2
773 8
774 5
775 5
776 7
777 2
778 5
779 3
780 4
781 2
782 6
783 3
784 1
785 1
786 7
787 3
788 6
789 7
790 7
791 9
792 9
793 9
794 1
795 3
796 4
797 4
798 9
799 0
800 3
801 9
802 0
803 1
804 4
805 0
806 7
807 3
808 6
809 2
810 5
811 5
812 3
813 8
814 2
815 1
816 5
817 1
818 1
819 4
820 5
821 3
822 3
823 0
824 6
825 8
826 5
827 5
828 5
829 2
830 8
831 9
832 0
833 4
834 1
835 8
836 0
837 0
838 8
839 5
840 9
841 0
842 3
843 5
844 4
845 5
846 8
847 8
848 4
849 6
850 2
851 4
852 7
853 9
854 9
855 4
856 4
857 3
858 8
859 2
860 1
861 2
862 7
863 5
864 1
865 5
866 6
867 5
868 2
869 3
870 9
871 9
872 4
873 2
874 7
875 3
876 3
877 4
878 1
879 9
880 7
881 2
882 6
883 3
884 2
885 8
886 2
887 4
888 9
889 6
890 6
891 9
892 5
893 2
894 4
895 9
896 7
897 5
898 4
899 4
900 6
901 8
902 8
903 4
904 1
905 7
906 6
907 3
908 5
909 3
910 9
911 8
912 8
913 2
914 8
915 2
916 9
917 8
918 9
919 4
920 7
921 8
922 1
923 2
924 4
925 5
926 2
927 3
928 3
929 8
930 2
931 2
932 6
933 4
934 0
935 2
936 9
937 7
938 5
939 4
940 5
941 2
942 9
943 1
944 8
945 9
946 5
947 2
948 8
949 2
950 0
951 3
952 3
953 9
954 3
955 6
956 7
957 8
958 3
959 1
960 2
961 3
962 1
963 2
964 7
965 3
966 0
967 1
968 1
969 6
970 9
971 5
972 6
973 3
974 6
975 8
976 5
977 0
978 8
979 8
980 7
981 7
982 4
983 8
984 0
985 3
986 1
987 4
988 7
989 4
990 7
991 0
992 2
993 0
994 8
995 3
996 5
997 2
998 8
999 2
1000 5
1001 4
1002 4
1003 0
1004 0
1005 8
1006 0
1007 2
1008 3
1009 5
1010 4
1011 4
1012 4
1013 8
1014 5
1015 9
1016 3
1017 9
1018 7
1019 4
1020 4
1021 7
1022 8
1023 8
1024 4
1025 7
1026 7
1027 5
1028 5
1029 5
1030 4
1031 4
1032 0
1033 1
1034 6
1035 1
1036 5
1037 3
1038 6
1039 5
1040 0
1041 2
1042 5
1043 7
1044 1
1045 8
1046 2
1047 9
1048 3
1049 7
1050 0
1051 6
1052 4
1053 9
1054 8
1055 6
1056 9
1057 5
1058 5
1059 8
1060 5
1061 7
1062 2
1063 4
1064 3
1065 0
1066 4
1067 6
1068 4
1069 3
1070 0
1071 2
1072 3
1073 3
1074 4
1075 7
1076 4
1077 3
1078 6
1079 8
1080 8
1081 8
1082 3
1083 4
1084 3
1085 2
1086 0
1087 8
1088 9
1089 1
1090 5
1091 5
1092 6
1093 5
1094 1
1095 1
1096 4
1097 6
1098 8
1099 8
1100 4
1101 9
1102 3
1103 8
1104 0
1105 2
1106 5
1107 2
1108 6
1109 9
1110 2
1111 4
1112 3
1113 6
1114 1
1115 9
1116 3
1117 7
1118 2
1119 2
1120 7
1121 3
1122 7
1123 5
1124 8
1125 0
1126 4
1127 4
1128 2
1129 8
1130 0
1131 0
1132 8
1133 1
1134 2
1135 5
1136 7
1137 5
1138 5
1139 9
1140 9
1141 1
1142 3
1143 6
1144 3
1145 6
1146 6
1147 2
1148 6
1149 6
1150 7
1151 2
1152 5
1153 8
1154 3
1155 1
1156 5
1157 1
1158 5
1159 2
1160 4
1161 1
1162 4
1163 2
1164 2
1165 4
1166 3
1167 1
1168 8
1169 8
1170 2
1171 9
1172 1
1173 3
1174 3
1175 3
1176 7
1177 6
1178 9
1179 8
1180 6
1181 7
1182 9
1183 4
1184 4
1185 5
1186 0
1187 6
1188 9
1189 1
1190 5
1191 8
1192 2
1193 9
1194 6
1195 3
1196 6
1197 7
1198 3
1199 4
1200 4
1201 5
1202 1
1203 9
1204 5
1205 5
1206 0
1207 6
1208 3
1209 4
1210 5
1211 6
1212 7
1213 8
1214 4
1215 4
1216 0
1217 7
1218 4
1219 6
1220 0
1221 2
1222 5
1223 5
1224 9
1225 2
1226 6
1227 5
1228 4
1229 2
1230 7
1231 0
1232 3
1233 2
1234 9
1235 1
1236 4
1237 0
1238 7
1239 3
1240 7
1241 9
1242 6
1243 8
1244 4
1245 8
1246 8
1247 7
1248 4
1249 3
1250 3
1251 6
1252 4
1253 4
1254 7
1255 1
1256 1
1257 1
1258 9
1259 0
1260 5
1261 2
1262 4
1263 7
1264 2
1265 0
1266 5
1267 7
1268 4
1269 3
1270 7
1271 6
1272 4
1273 6
1274 0
1275 7
1276 8
1277 2
1278 7
1279 4
1280 0
1281 9
1282 4
1283 6
1284 2
1285 9
1286 5
1287 5
1288 5
1289 5
1290 2
1291 5
1292 6
1293 7
1294 3
1295 3
1296 1
1297 1
1298 0
1299 8
1300 6
1301 8
1302 2
1303 2
1304 6
1305 2
1306 4
1307 2
1308 4
1309 8
1310 3
1311 1
1312 2
1313 3
1314 5
1315 7
1316 1
1317 3
1318 2
1319 6
1320 0
1321 8
1322 9
1323 5
1324 4
1325 2
1326 8
1327 3
1328 8
1329 9
1330 3
1331 4
1332 4
1333 8
1334 0
1335 6
1336 1
1337 4
1338 3
1339 8
1340 0
1341 2
1342 6
1343 1
1344 3
1345 7
1346 4
1347 2
1348 5
1349 3
1350 6
1351 6
1352 2
1353 0
1354 6
1355 5
1356 9
1357 4
1358 5
1359 2
1360 2
1361 3
1362 8
1363 2
1364 0
1365 9
1366 7
1367 8
1368 5
1369 5
1370 4
1371 1
1372 7
1373 7
1374 6
1375 9
1376 7
1377 5
1378 1
1379 3
1380 0
1381 0
1382 9
1383 5
1384 1
1385 7
1386 3
1387 3
1388 7
1389 3
1390 4
1391 2
1392 9
1393 5
1394 2
1395 4
1396 7
1397 2
1398 1
1399 5
1400 3
1401 4
1402 2
1403 4
1404 1
1405 1
1406 0
1407 4
1408 2
1409 6
1410 9
1411 8
1412 1
1413 0
1414 0
1415 4
1416 0
1417 2
1418 0
1419 1
1420 0
1421 7
1422 7
1423 4
1424 7
1425 6
1426 2
1427 0
1428 8
1429 3
1430 8
1431 7
1432 0
1433 1
1434 3
1435 0
1436 0
1437 9
1438 3
1439 5
1440 9
1441 1
1442 8
1443 1
1444 1
1445 0
1446 3
1447 7
1448 3
1449 9
1450 3
1451 3
1452 9
1453 0
1454 5
1455 2
1456 6
1457 1
1458 6
1459 7
1460 5
1461 6
1462 6
1463 1
1464 1
1465 0
1466 2
1467 8
1468 7
1469 4
1470 3
1471 7
1472 0
1473 5
1474 1
1475 1
1476 9
1477 3
1478 4
1479 6
1480 1
1481 4
1482 2
1483 2
1484 0
1485 9
1486 4
1487 7
1488 8
1489 8
1490 4
1491 4
1492 1
1493 6
1494 4
1495 1
1496 2
1497 7
1498 6
1499 8
1500 2
1501 0
1502 8
1503 8
1504 1
1505 6
1506 8
1507 9
1508 1
1509 2
1510 2
1511 6
1512 8
1513 7
1514 5
1515 3
1516 3
1517 1
1518 1
1519 6
1520 9
1521 4
1522 2
1523 6
1524 3
1525 5
1526 9
1527 5
1528 6
1529 0
1530 2
1531 5
1532 9
1533 5
1534 5
1535 1
1536 2
1537 5
1538 5
1539 1
1540 9
1541 0
1542 7
1543 9
1544 9
1545 7
1546 8
1547 7
1548 5
1549 6
1550 7
1551 2
1552 5
1553 2
1554 3
1555 2
1556 9
1557 1
1558 7
1559 0
1560 8
1561 1
1562 3
1563 3
1564 6
1565 7
1566 1
1567 4
1568 7
1569 8
1570 7
1571 4
1572 7
1573 2
1574 1
1575 9
1576 8
1577 3
1578 4
1579 9
1580 9
1581 1
1582 5
1583 1
1584 7
1585 4
1586 8
1587 9
1588 7
1589 3
1590 9
1591 6
1592 1
1593 2
1594 7
1595 7
1596 6
1597 4
1598 3
1599 3
1600 4
1601 0
1602 5
1603 0
1604 2
1605 8
1606 7
1607 4
1608 4
1609 4
1610 3
1611 5
1612 2
1613 1
1614 3
1615 4
1616 7
1617 0
1618 6
1619 6
1620 3
1621 2
1622 3
1623 9
1624 8
1625 6
1626 9
1627 1
1628 8
1629 1
1630 7
1631 8
1632 9
1633 9
1634 3
1635 4
1636 4
1637 1
1638 5
1639 8
1640 5
1641 7
1642 2
1643 1
1644 0
1645 8
1646 5
1647 6
1648 4
1649 6
1650 6
1651 7
1652 9
1653 4
1654 2
1655 2
1656 5
1657 7
1658 3
1659 6
1660 4
1661 6
1662 7
1663 3
1664 2
1665 4
1666 7
1667 1
1668 6
1669 2
1670 3
1671 8
1672 7
1673 7
1674 3
1675 4
1676 7
1677 8
1678 9
1679 6
1680 9
1681 0
1682 2
1683 9
1684 2
1685 8
1686 6
1687 5
1688 3
1689 6
1690 7
1691 4
1692 6
1693 7
1694 7
1695 3
1696 9
1697 3
1698 1
1699 3
1700 8
1701 9
1702 9
1703 9
1704 5
1705 5
1706 7
1707 7
1708 9
1709 0
1710 7
1711 4
1712 7
1713 1
1714 2
1715 3
1716 8
1717 2
1718 0
1719 7
1720 7
1721 0
1722 0
1723 3
1724 9
1725 3
1726 3
1727 5
1728 1
1729 1
1730 3
1731 6
1732 8
1733 9
1734 7
1735 9
1736 2
1737 5
1738 6
1739 0
1740 3
1741 5
1742 5
1743 1
1744 8
1745 2
1746 4
1747 2
1748 6
1749 1
1750 8
1751 8
1752 4
1753 1
1754 2
1755 2
1756 6
1757 4
1758 3
1759 7
1760 8
1761 8
1762 2
1763 8
1764 5
1765 8
1766 7
1767 2
1768 0
1769 2
1770 5
1771 5
1772 3
1773 0
1774 3
1775 6
1776 1
1777 3
1778 7
1779 5
1780 7
1781 0
1782 3
1783 3
1784 4
1785 1
1786 4
1787 1
1788 5
1789 0
1790 3
1791 2
1792 3
1793 0
1794 9
1795 9
1796 8
1797 1
1798 4
1799 8
1800 3
1801 9
1802 1
1803 8
1804 7
1805 7
1806 4
1807 5
1808 0
1809 2
1810 4
1811 2
1812 5
1813 0
1814 0
1815 7
1816 5
1817 5
1818 1
1819 1
1820 0
1821 2
1822 9
1823 4
1824 0
1825 4
1826 1
1827 2
1828 8
1829 7
1830 3
1831 4
1832 3
1833 7
1834 1
1835 6
1836 8
1837 3
1838 6
1839 4
1840 6
1841 3
1842 3
1843 1
1844 2
1845 4
1846 4
1847 5
1848 3
1849 3
1850 3
1851 4
1852 8
1853 9
1854 6
1855 5
1856 6
1857 0
1858 4
1859 9
1860 9
1861 8
1862 7
1863 9
1864 5
1865 0
1866 9
1867 7
1868 5
1869 2
1870 8
1871 6
1872 0
1873 4
1874 8
1875 3
1876 8
1877 6
1878 8
1879 7
1880 7
1881 1
1882 6
1883 8
1884 5
1885 9
1886 4
1887 9
1888 9
1889 0
1890 7
1891 6
1892 7
1893 6
1894 5
1895 0
1896 9
1897 1
1898 3
1899 5
1900 3
1901 1
1902 2
1903 1
1904 5
1905 2
1906 0
1907 6
1908 9
1909 0
1910 5
1911 3
1912 9
1913 1
1914 2
1915 1
1916 5
1917 8
1918 4
1919 3
1920 1
1921 6
1922 1
1923 5
1924 4
1925 6
1926 0
1927 1
1928 1
1929 1
1930 5
1931 1
1932 7
1933 0
1934 9
1935 8
1936 3
1937 3
1938 2
1939 5
1940 9
1941 6
1942 5
1943 3
1944 0
1945 8
1946 8
1947 1
1948 4
1949 5
1950 2
1951 5
1952 1
1953 4
1954 0
1955 3
1956 7
1957 5
1958 3
1959 4
1960 0
1961 7
1962 2
1963 7
1964 2
1965 2
1966 9
1967 2
1968 7
1969 3
1970 4
1971 7
1972 1
1973 7
1974 5
1975 7
1976 9
1977 2
1978 3
1979 2
1980 9
1981 1
1982 0
1983 7
1984 7
1985 2
1986 3
1987 6
1988 3
1989 8
1990 1
1991 0
1992 9
1993 5
1994 4
1995 3
1996 6
1997 3
1998 8
1999 7
2000 7
2001 3
2002 1
2003 4
2004 1
2005 4
2006 7
2007 5
2008 9
2009 4
2010 9
2011 5
2012 0
2013 3
2014 2
2015 0
2016 5
2017 3
2018 1
2019 3
2020 5
2021 7
2022 2
2023 6
2024 5
2025 1
2026 6
2027 0
2028 7
2029 9
2030 3
2031 3
2032 2
2033 9
2034 4
2035 7
2036 8
2037 3
2038 6
2039 1
2040 9
2041 9
2042 0
2043 6
2044 1
2045 2
2046 1
2047 4
2048 4
2049 6
2050 1
2051 6
2052 4
2053 7
2054 9
2055 9
2056 8
2057 6
2058 8
2059 4
2060 3
2061 8
2062 8
2063 1
2064 6
2065 4
2066 3
2067 2
2068 9
2069 3
2070 4
2071 9
2072 0
2073 7
2074 9
2075 1
2076 7
2077 7
2078 3
2079 1
2080 2
2081 7
2082 8
2083 9
2084 9
2085 1
2086 0
2087 5
2088 5
2089 5
2090 0
2091 8
2092 3
2093 9
2094 0
2095 6
2096 1
2097 4
2098 6
2099 3
2100 6
2101 6
2102 2
2103 7
2104 1
2105 5
2106 6
2107 6
2108 9
2109 8
2110 2
2111 8
2112 8
2113 8
2114 3
2115 8
2116 2
2117 8
2118 7
2119 9
2120 4
2121 3
2122 3
2123 6
2124 9
2125 3
2126 6
2127 4
2128 0
2129 5
2130 7
2131 0
2132 0
2133 8
2134 4
2135 3
2136 4
2137 7
2138 1
2139 4
2140 6
2141 5
2142 7
2143 1
2144 2
2145 7
2146 1
2147 9
2148 7
2149 7
2150 7
2151 4
2152 6
2153 3
2154 1
2155 6
2156 8
2157 3
2158 7
2159 0
2160 4
2161 7
2162 7
2163 5
2164 3
2165 2
2166 6
2167 0
2168 7
2169 2
2170 7
2171 0
2172 9
2173 6
2174 2
2175 8
2176 7
2177 6
2178 9
2179 1
2180 2
2181 2
2182 5
2183 2
2184 1
2185 2
2186 2
2187 8
2188 2
2189 4
2190 6
2191 4
2192 6
2193 4
2194 7
2195 8
2196 0
2197 2
2198 5
2199 7
2200 6
2201 4
2202 8
2203 9
2204 6
2205 6
2206 1
2207 5
2208 3
2209 9
2210 5
2211 4
2212 4
2213 0
2214 5
2215 0
2216 6
2217 5
2218 7
2219 1
2220 6
2221 9
2222 2
2223 8
2224 1
2225 2
2226 7
2227 1
2228 3
2229 6
2230 0
2231 4
2232 0
2233 5
2234 7
2235 7
2236 7
2237 8
2238 6
2239 5
2240 4
2241 8
2242 3
2243 0
2244 6
2245 6
2246 7
2247 7
2248 2
2249 0
2250 6
2251 4
2252 4
2253 4
2254 0
2255 1
2256 3
2257 2
2258 6
2259 2
2260 7
2261 5
2262 6
2263 2
2264 7
2265 4
2266 4
2267 5
2268 8
2269 0
2270 5
2271 7
2272 0
2273 9
2274 6
2275 3
2276 3
2277 8
2278 9
2279 7
2280 4
2281 7
2282 5
2283 0
2284 9
2285 1
2286 9
2287 3
2288 6
2289 3
2290 2
2291 2
2292 4
2293 2
2294 1
2295 2
2296 7
2297 5
2298 3
2299 4
2300 6
2301 5
2302 3
2303 9
2304 4
2305 7
2306 1
2307 5
2308 5
2309 8
2310 3
2311 9
2312 6
2313 2
2314 7
2315 8
2316 0
2317 0
2318 2
2319 7
2320 5
2321 1
2322 7
2323 0
2324 7
2325 6
2326 0
2327 9
2328 4
2329 9
2330 4
2331 6
2332 1
2333 1
2334 8
2335 9
2336 1
2337 3
2338 5
2339 5
2340 3
2341 1
2342 2
2343 7
2344 7
2345 0
2346 8
2347 3
2348 6
2349 7
2350 1
2351 5
2352 7
2353 4
2354 6
2355 2
2356 8
2357 2
2358 7
2359 3
2360 0
2361 5
2362 7
2363 5
2364 0
2365 3
2366 2
2367 8
2368 6
2369 2
2370 8
2371 7
2372 5
2373 6
2374 0
2375 6
2376 8
2377 8
2378 5
2379 1
2380 5
2381 4
2382 0
2383 8
2384 2
2385 7
2386 8
2387 9
2388 5
2389 7
2390 9
2391 9
2392 8
2393 4
2394 6
2395 5
2396 4
2397 8
2398 1
2399 0
2400 1
2401 9
2402 2
2403 3
2404 4
2405 3
2406 5
2407 3
2408 3
2409 8
2410 9
2411 9
2412 5
2413 0
2414 7
2415 1
2416 0
2417 3
2418 2
2419 7
2420 8
2421 9
2422 3
2423 4
2424 4
2425 2
2426 3
2427 0
2428 8
2429 1
2430 6
2431 3
2432 3
2433 4
2434 9
2435 4
2436 1
2437 7
2438 8
2439 7
2440 1
2441 4
2442 0
2443 4
2444 8
2445 2
2446 9
2447 0
2448 8
2449 9
2450 8
2451 1
2452 6
2453 7
2454 5
2455 6
2456 5
2457 3
2458 6
2459 4
2460 9
2461 9
2462 9
2463 7
2464 4
2465 0
2466 6
2467 4
2468 3
2469 1
2470 5
2471 0
2472 1
2473 0
2474 7
2475 6
2476 3
2477 4
2478 0
2479 3
2480 6
2481 4
2482 4
2483 2
2484 7
2485 6
2486 6
2487 8
2488 0
2489 4
2490 2
2491 9
2492 8
2493 8
2494 2
2495 1
2496 7
2497 5
2498 6
2499 7
2500 2
2501 4
2502 4
2503 5
2504 2
2505 3
2506 1
2507 4
2508 1
2509 7
2510 6
2511 3
2512 3
2513 7
2514 4
2515 5
2516 0
2517 6
2518 6
2519 8
2520 3
2521 8
2522 8
2523 1
2524 8
2525 3
2526 8
2527 3
2528 0
2529 4
2530 3
2531 4
2532 7
2533 7
2534 5
2535 2
2536 8
2537 3
2538 0
2539 7
2540 0
2541 5
2542 3
2543 3
2544 0
2545 8
2546 2
2547 8
2548 1
2549 2
2550 0
2551 9
2552 0
2553 5
2554 9
2555 5
2556 0
2557 3
2558 0
2559 5
2560 5
2561 3
2562 2
2563 5
2564 4
2565 4
2566 7
2567 0
2568 5
2569 8
2570 4
2571 1
2572 2
2573 2
2574 8
2575 3
2576 9
2577 8
2578 9
2579 7
2580 6
2581 3
2582 6
2583 4
2584 6
2585 2
2586 3
2587 2
2588 2
2589 9
2590 6
2591 0
2592 5
2593 7
2594 5
2595 2
2596 0
2597 5
2598 5
2599 6
2600 2
2601 0
2602 4
2603 6
2604 9
2605 4
2606 4
2607 2
2608 0
2609 6
2610 6
2611 8
2612 5
2613 9
2614 4
2615 3
2616 1
2617 4
2618 8
2619 0
2620 6
2621 6
2622 7
2623 7
2624 9
2625 1
2626 8
2627 0
2628 3
2629 6
2630 6
2631 5
2632 5
2633 2
2634 3
2635 0
2636 1
2637 8
2638 6
2639 0
2640 5
2641 1
2642 6
2643 8
2644 5
2645 2
2646 7
2647 4
2648 6
2649 8
2650 0
2651 1
2652 5
2653 8
2654 3
2655 9
2656 8
2657 7
2658 7
2659 8
2660 4
2661 0
2662 4
2663 3
2664 7
2665 4
2666 4
2667 0
2668 8
2669 9
2670 0
2671 8
2672 9
2673 7
2674 5
2675 6
2676 6
2677 4
2678 2
2679 8
2680 7
2681 1
2682 1
2683 7
2684 7
2685 7
2686 6
2687 1
2688 0
2689 1
2690 6
2691 2
2692 0
2693 3
2694 4
2695 8
2696 1
2697 8
2698 1
2699 5
2700 3
2701 5
2702 6
2703 1
2704 1
2705 0
2706 2
2707 7
2708 7
2709 4
2710 9
2711 3
2712 9
2713 7
2714 7
2715 3
2716 7
2717 4
2718 9
2719 3
2720 2
2721 2
2722 7
2723 7
2724 1
2725 1
2726 1
2727 1
2728 6
2729 8
2730 6
2731 0
2732 0
2733 2
2734 2
2735 1
2736 0
2737 2
2738 6
2739 9
2740 0
2741 3
2742 9
2743 3
2744 5
2745 1
2746 1
2747 3
2748 6
2749 5
2750 9
2751 3
2752 3
2753 8
2754 4
2755 3
2756 0
2757 2
2758 0
2759 0
2760 1
2761 4
2762 4
2763 9
2764 9
2765 5
2766 2
2767 1
2768 0
2769 7
2770 6
2771 6
2772 9
2773 1
2774 8
2775 3
2776 6
2777 1
2778 5
2779 6
2780 4
2781 5
2782 2
2783 0
2784 2
2785 2
2786 9
2787 2
2788 2
2789 3
2790 8
2791 3
2792 0
2793 9
2794 4
2795 9
2796 4
2797 5
2798 8
2799 3
2800 7
2801 0
2802 1
2803 8
2804 3
2805 9
2806 8
2807 7
2808 3
2809 7
2810 0
2811 3
2812 6
2813 4
2814 7
2815 6
2816 2
2817 1
2818 0
2819 3
2820 0
2821 8
2822 5
2823 0
2824 4
2825 2
2826 8
2827 0
2828 6
2829 2
2830 2
2831 2
2832 0
2833 1
2834 5
2835 2
2836 1
2837 1
2838 2
2839 3
2840 1
2841 5
2842 2
2843 9
2844 6
2845 4
2846 9
2847 0
2848 6
2849 9
2850 0
2851 1
2852 4
2853 1
2854 1
2855 1
2856 6
2857 6
2858 0
2859 2
2860 6
2861 8
2862 4
2863 7
2864 5
2865 4
2866 4
2867 3
2868 8
2869 3
2870 4
2871 1
2872 5
2873 4
2874 1
2875 0
2876 8
2877 2
2878 7
2879 6
2880 6
2881 1
2882 1
2883 7
2884 7
2885 2
2886 3
2887 9
2888 0
2889 6
2890 6
2891 6
2892 6
2893 7
2894 5
2895 6
2896 4
2897 8
2898 5
2899 9
2900 4
2901 0
2902 3
2903 8
2904 7
2905 0
2906 1
2907 1
2908 4
2909 2
2910 9
2911 5
2912 7
2913 8
2914 7
2915 1
2916 8
2917 4
2918 2
2919 0
2920 1
2921 4
2922 2
2923 6
2924 5
2925 7
2926 5
2927 5
2928 4
2929 6
2930 7
2931 1
2932 8
2933 4
2934 5
2935 7
2936 9
2937 4
2938 4
2939 8
2940 0
2941 9
2942 4
2943 8
2944 6
2945 2
2946 7
2947 9
2948 5
2949 1
2950 0
2951 2
2952 8
2953 2
2954 8
2955 1
2956 1
2957 8
2958 4
2959 9
2960 1
2961 2
2962 0
2963 9
2964 1
2965 3
2966 5
2967 5
2968 3
2969 8
2970 5
2971 5
2972 9
2973 7
2974 6
2975 4
2976 8
2977 4
2978 9
2979 5
2980 3
2981 5
2982 0
2983 6
2984 0
2985 1
2986 1
2987 9
2988 9
2989 4
2990 4
2991 7
2992 3
2993 0
2994 7
2995 6
2996 9
2997 0
2998 8
2999 3
3000 9
3001 7
3002 0
3003 4
3004 0
3005 6
3006 0
3007 1
3008 2
3009 2
3010 6
3011 9
3012 9
3013 7
3014 0
3015 0
3016 8
3017 3
3018 0
3019 5
3020 7
3021 1
3022 5
3023 8
3024 0
3025 7
3026 1
3027 5
3028 7
3029 9
3030 5
3031 8
3032 9
3033 3
3034 0
3035 9
3036 6
3037 4
3038 3
3039 8
3040 1
3041 4
3042 0
3043 1
3044 0
3045 2
3046 4
3047 9
3048 7
3049 5
3050 7
3051 5
3052 8
3053 0
3054 0
3055 2
3056 6
3057 5
3058 0
3059 3
3060 5
3061 1
3062 6
3063 3
3064 9
3065 9
3066 2
3067 3
3068 2
3069 4
3070 7
3071 2
3072 1
3073 5
3074 6
3075 2
3076 1
3077 0
3078 4
3079 3
3080 8
3081 1
3082 8
3083 6
3084 7
3085 5
3086 5
3087 7
3088 4
3089 7
3090 0
3091 5
3092 3
3093 0
3094 5
3095 8
3096 9
3097 5
3098 0
3099 4
3100 3
3101 8
3102 3
3103 0
3104 6
3105 5
3106 9
3107 7
3108 8
3109 8
3110 3
3111 2
3112 3
3113 4
3114 2
3115 9
3116 1
3117 0
3118 5
3119 5
3120 8
3121 6
3122 0
3123 5
3124 8
3125 4
3126 1
3127 9
3128 1
3129 0
3130 7
3131 7
3132 2
3133 1
3134 9
3135 4
3136 2
3137 2
3138 0
3139 2
3140 1
3141 6
3142 8
3143 7
3144 3
3145 9
3146 4
3147 8
3148 3
3149 4
3150 3
3151 8
3152 7
3153 8
3154 2
3155 5
3156 0
3157 1
3158 2
3159 1
3160 8
3161 6
3162 1
3163 2
3164 5
3165 4
3166 2
3167 8
3168 0
3169 4
3170 9
3171 0
3172 0
3173 7
3174 7
3175 8
3176 5
3177 4
3178 9
3179 1
3180 5
3181 1
3182 6
3183 3
3184 4
3185 6
3186 1
3187 7
3188 8
3189 7
3190 7
3191 2
3192 1
3193 8
3194 5
3195 5
3196 6
3197 0
3198 2
3199 9
3200 0
3201 5
3202 0
3203 6
3204 8
3205 2
3206 5
3207 7
3208 0
3209 5
3210 8
3211 0
3212 1
3213 8
3214 3
3215 8
3216 4
3217 3
3218 9
3219 9
3220 8
3221 9
3222 7
3223 9
3224 0
3225 2
3226 3
3227 9
3228 5
3229 7
3230 2
3231 7
3232 4
3233 9
3234 8
3235 2
3236 4
3237 2
3238 2
3239 8
3240 0
3241 5
3242 2
3243 5
3244 9
3245 0
3246 3
3247 5
3248 9
3249 2
3250 8
3251 5
3252 7
3253 0
3254 3
3255 8
3256 0
3257 2
3258 2
3259 9
3260 8
3261 5
3262 0
3263 5
3264 3
3265 3
3266 3
3267 1
3268 8
3269 3
3270 0
3271 4
3272 3
3273 6
3274 6
3275 4
3276 9
3277 8
3278 8
3279 1
3280 0
3281 2
3282 0
3283 6
3284 3
3285 9
3286 6
3287 1
3288 5
3289 7
3290 7
3291 1
3292 4
3293 9
3294 6
3295 1
3296 0
3297 8
3298 3
3299 7
3300 3
3301 3
3302 0
3303 6
3304 2
3305 9
3306 0
3307 7
3308 4
3309 0
3310 3
3311 6
3312 8
3313 2
3314 6
3315 5
3316 5
3317 9
3318 3
3319 5
3320 7
3321 4
3322 5
3323 6
3324 9
3325 8
3326 0
3327 6
3328 4
3329 8
3330 1
3331 0
3332 7
3333 8
3334 1
3335 5
3336 9
3337 2
3338 4
3339 6
3340 3
3341 2
3342 7
3343 9
3344 4
3345 2
3346 4
3347 5
3348 2
3349 8
3350 6
3351 4
3352 3
3353 7
3354 7
3355 1
3356 5
3357 1
3358 1
3359 4
3360 2
3361 5
3362 5
3363 7
3364 6
3365 7
3366 1
3367 8
3368 8
3369 5
3370 3
3371 9
3372 4
3373 7
3374 3
3375 3
3376 6
3377 7
3378 2
3379 5
3380 8
3381 5
3382 7
3383 1
3384 9
3385 8
3386 2
3387 1
3388 5
3389 5
3390 0
3391 9
3392 7
3393 1
3394 8
3395 6
3396 3
3397 9
3398 5
3399 5
3400 4
3401 7
3402 9
3403 5
3404 2
3405 5
3406 8
3407 7
3408 0
3409 2
3410 2
3411 7
3412 7
3413 1
3414 0
3415 7
3416 4
3417 3
3418 6
3419 1
3420 3
3421 6
3422 1
3423 4
3424 1
3425 9
3426 0
3427 4
3428 3
3429 8
3430 3
3431 9
3432 6
3433 4
3434 3
3435 7
3436 0
3437 7
3438 0
3439 9
3440 0
3441 2
3442 4
3443 6
3444 4
3445 8
3446 5
3447 6
3448 2
3449 6
3450 9
3451 7
3452 5
3453 3
3454 2
3455 9
3456 5
3457 4
3458 8
3459 2
3460 2
3461 0
3462 1
3463 7
3464 2
3465 1
3466 6
3467 6
3468 3
3469 4
3470 9
3471 0
3472 9
3473 2
3474 6
3475 7
3476 7
3477 9
3478 3
3479 2
3480 6
3481 4
3482 8
3483 1
3484 8
3485 4
3486 9
3487 0
3488 8
3489 8
3490 4
3491 5
3492 9
3493 4
3494 7
3495 3
3496 7
3497 6
3498 6
3499 5
3500 5
3501 2
3502 4
3503 2
3504 6
3505 7
3506 4
3507 9
3508 6
3509 6
3510 5
3511 0
3512 1
3513 5
3514 0
3515 1
3516 1
3517 3
3518 2
3519 5
3520 3
3521 7
3522 4
3523 6
3524 1
3525 5
3526 3
3527 4
3528 4
3529 4
3530 8
3531 3
3532 7
3533 2
3534 9
3535 6
3536 6
3537 6
3538 3
3539 2
3540 6
3541 9
3542 6
3543 6
3544 2
3545 4
3546 5
3547 3
3548 7
3549 0
3550 2
3551 8
3552 9
3553 3
3554 6
3555 7
3556 1
3557 7
3558 0
3559 5
3560 7
3561 2
3562 5
3563 5
3564 4
3565 4
3566 9
3567 2
3568 7
3569 7
3570 8
3571 3
3572 0
3573 1
3574 2
3575 2
3576 3
3577 7
3578 9
3579 5
3580 3
3581 6
3582 6
3583 0
3584 3
3585 4
3586 2
3587 8
3588 0
3589 6
3590 5
3591 6
3592 2
3593 3
3594 7
3595 3
3596 2
3597 9
3598 5
3599 7
3600 2
3601 2
3602 3
3603 8
3604 0
3605 1
3606 9
3607 7
3608 1
3609 9
3610 3
3611 5
3612 4
3613 9
3614 3
3615 1
3616 4
3617 5
3618 0
3619 6
3620 9
3621 1
3622 5
3623 5
3624 7
3625 5
3626 8
3627 2
3628 5
3629 5
3630 0
3631 6
3632 8
3633 4
3634 6
3635 1
3636 6
3637 1
3638 0
3639 1
3640 7
3641 7
3642 8
3643 0
3644 6
3645 8
3646 4
3647 3
3648 8
3649 9
3650 2
3651 9
3652 8
3653 3
3654 3
3655 3
3656 1
3657 9
3658 8
3659 8
3660 4
3661 5
3662 0
3663 3
3664 5
3665 0
3666 3
3667 7
3668 5
3669 4
3670 4
3671 5
3672 8
3673 5
3674 1
3675 0
3676 5
3677 6
3678 0
3679 3
3680 3
3681 5
3682 9
3683 9
3684 2
3685 8
3686 5
3687 4
3688 5
3689 7
3690 9
3691 0
3692 8
3693 9
3694 4
3695 7
3696 1
3697 4
3698 0
3699 1
3700 3
3701 0
3702 1
3703 2
3704 6
3705 3
3706 7
3707 2
3708 6
3709 0
3710 7
3711 1
3712 4
3713 7
3714 7
3715 2
3716 9
3717 6
3718 6
3719 4
3720 0
3721 3
3722 2
3723 6
3724 1
3725 2
3726 2
3727 7
3728 1
3729 2
3730 4
3731 5
3732 1
3733 7
3734 1
3735 2
3736 6
3737 0
3738 3
3739 6
3740 7
3741 4
3742 1
3743 0
3744 8
3745 4
3746 8
3747 2
3748 1
3749 5
3750 6
3751 8
3752 8
3753 1
3754 8
3755 5
3756 4
3757 0
3758 3
3759 1
3760 4
3761 2
3762 4
3763 7
3764 3
3765 3
3766 0
3767 9
3768 9
3769 5
3770 2
3771 8
3772 6
3773 3
3774 0
3775 9
3776 2
3777 6
3778 9
3779 6
3780 2
3781 2
3782 3
3783 0
3784 8
3785 9
3786 7
3787 4
3788 0
3789 9
3790 0
3791 6
3792 8
3793 8
3794 3
3795 1
3796 3
3797 2
3798 2
3799 0
3800 9
3801 3
3802 6
3803 6
3804 1
3805 9
3806 2
3807 1
3808 6
3809 9
3810 2
3811 2
3812 3
3813 2
3814 1
3815 6
3816 2
3817 2
3818 9
3819 9
3820 4
3821 5
3822 5
3823 6
3824 0
3825 7
3826 0
3827 7
3828 8
3829 1
3830 4
3831 3
3832 3
3833 4
3834 3
3835 3
3836 5
3837 3
3838 7
3839 9
3840 3
3841 2
3842 7
3843 3
3844 0
3845 6
3846 4
3847 4
3848 9
3849 2
3850 1
3851 4
3852 2
3853 0
3854 7
3855 7
3856 7
3857 4
3858 8
3859 3
3860 3
3861 0
3862 1
3863 1
3864 7
3865 5
3866 6
3867 2
3868 7
3869 3
3870 4
3871 5
3872 9
3873 3
3874 4
3875 2
3876 0
3877 6
3878 7
3879 6
3880 8
3881 1
3882 3
3883 3
3884 4
3885 7
3886 7
3887 5
3888 0
3889 5
3890 2
3891 4
3892 1
3893 9
3894 1
3895 2
3896 5
3897 3
3898 8
3899 6
3900 2
3901 5
3902 9
3903 8
3904 4
3905 3
3906 4
3907 9
3908 7
3909 2
3910 9
3911 9
3912 5
3913 3
3914 1
3915 9
3916 5
3917 4
3918 0
3919 6
3920 4
3921 8
3922 5
3923 4
3924 8
3925 1
3926 6
3927 5
3928 0
3929 2
3930 0
3931 8
3932 7
3933 7
3934 6
3935 8
3936 1
3937 8
3938 8
3939 2
3940 5
3941 5
3942 4
3943 1
3944 8
3945 3
3946 7
3947 4
3948 4
3949 2
3950 0
3951 3
3952 0
3953 6
3954 6
3955 6
3956 6
3957 8
3958 4
3959 1
3960 3
3961 1
3962 8
3963 8
3964 7
3965 6
3966 9
3967 3
3968 3
3969 4
3970 1
3971 6
3972 3
3973 3
3974 6
3975 4
3976 8
3977 2
3978 1
3979 8
3980 6
3981 0
3982 3
3983 1
3984 8
3985 2
3986 1
3987 2
3988 5
3989 6
3990 8
3991 5
3992 6
3993 4
3994 5
3995 1
3996 5
3997 1
3998 4
3999 1
4000 5
4001 0
4002 0
4003 6
4004 4
4005 7
4006 4
4007 1
4008 0
4009 1
4010 4
4011 7
4012 5
4013 6
4014 6
4015 0
4016 0
4017 9
4018 1
4019 4
4020 5
4021 5
4022 3
4023 8
4024 7
4025 8
4026 4
4027 0
4028 0
4029 9
4030 1
4031 3
4032 5
4033 1
4034 1
4035 6
4036 4
4037 2
4038 0
4039 5
4040 8
4041 9
4042 2
4043 7
4044 7
4045 5
4046 7
4047 5
4048 4
4049 2
4050 3
4051 9
4052 1
4053 4
4054 9
4055 8
4056 8
4057 9
4058 8
4059 0
4060 5
4061 1
4062 2
4063 4
4064 6
4065 0
4066 5
4067 9
4068 5
4069 4
4070 7
4071 4
4072 5
4073 2
4074 6
4075 5
4076 7
4077 4
4078 1
4079 1
4080 4
4081 8
4082 1
4083 4
4084 8
4085 2
4086 5
4087 8
4088 7
4089 8
4090 9
4091 6
4092 8
4093 9
4094 8
4095 2
4096 7
4097 4
4098 8
4099 7
4100 7
4101 5
4102 1
4103 6
4104 5
4105 5
4106 9
4107 3
4108 3
4109 4
4110 1
4111 6
4112 4
4113 5
4114 5
4115 9
4116 0
4117 2
4118 6
4119 8
4120 1
4121 7
4122 5
4123 8
4124 3
4125 5
4126 9
4127 6
4128 3
4129 5
4130 9
4131 3
4132 9
4133 4
4134 1
4135 1
4136 6
4137 8
4138 6
4139 4
4140 7
4141 7
4142 7
4143 6
4144 1
4145 8
4146 9
4147 6
4148 0
4149 3
4150 4
4151 8
4152 5
4153 6
4154 8
4155 5
4156 8
4157 1
4158 8
4159 5
4160 8
4161 1
4162 7
4163 8
4164 9
4165 8
4166 8
4167 7
4168 3
4169 9
4170 6
4171 2
4172 6
4173 3
4174 1
4175 6
4176 9
4177 8
4178 2
4179 8
4180 1
4181 7
4182 4
4183 8
4184 1
4185 3
4186 1
4187 2
4188 6
4189 3
4190 1
4191 1
4192 3
4193 4
4194 3
4195 7
4196 7
4197 6
4198 8
4199 5
4200 2
4201 6
4202 6
4203 6
4204 9
4205 0
4206 6
4207 3
4208 4
4209 1
4210 1
4211 7
4212 6
4213 4
4214 5
4215 0
4216 0
4217 9
4218 9
4219 6
4220 3
4221 6
4222 8
4223 9
4224 1
4225 8
4226 9
4227 5
4228 5
4229 3
4230 7
4231 5
4232 9
4233 5
4234 0
4235 9
4236 5
4237 2
4238 3
4239 9
4240 1
4241 6
4242 8
4243 4
4244 0
4245 4
4246 0
4247 7
4248 5
4249 4
4250 8
4251 5
4252 7
4253 7
4254 1
4255 5
4256 1
4257 8
4258 0
4259 0
4260 8
4261 1
4262 4
4263 4
4264 3
4265 5
4266 5
4267 8
4268 7
4269 6
4270 0
4271 4
4272 3
4273 5
4274 7
4275 1
4276 2
4277 3
4278 2
4279 1
4280 3
4281 8
4282 6
4283 3
4284 2
4285 2
4286 4
4287 9
4288 2
4289 5
4290 4
4291 7
4292 1
4293 5
4294 6
4295 2
4296 8
4297 1
4298 9
4299 5
4300 8
4301 4
4302 0
4303 2
4304 4
4305 2
4306 1
4307 3
4308 2
4309 4
4310 7
4311 3
4312 7
4313 1
4314 3
4315 8
4316 9
4317 8
4318 3
4319 9
4320 2
4321 2
4322 1
4323 0
4324 6
4325 4
4326 9
4327 5
4328 1
4329 7
4330 5
4331 5
4332 8
4333 7
4334 2
4335 2
4336 5
4337 9
4338 1
4339 0
4340 0
4341 7
4342 8
4343 9
4344 0
4345 5
4346 6
4347 6
4348 6
4349 4
4350 2
4351 5
4352 2
4353 2
4354 2
4355 3
4356 1
4357 6
4358 6
4359 0
4360 5
4361 5
4362 7
4363 7
4364 8
4365 9
4366 3
4367 8
4368 0
4369 0
4370 7
4371 6
4372 1
4373 2
4374 9
4375 4
4376 8
4377 0
4378 8
4379 4
4380 5
4381 2
4382 1
4383 3
4384 0
4385 4
4386 6
4387 6
4388 9
4389 0
4390 9
4391 5
4392 4
4393 2
4394 2
4395 1
4396 7
4397 9
4398 8
4399 9
4400 0
4401 8
4402 4
4403 9
4404 7
4405 6
4406 1
4407 9
4408 0
4409 5
4410 0
4411 4
4412 0
4413 9
4414 8
4415 3
4416 1
4417 0
4418 5
4419 6
4420 4
4421 3
4422 5
4423 6
4424 3
4425 8
4426 9
4427 2
4428 1
4429 6
4430 8
4431 1
4432 9
4433 2
4434 3
4435 3
4436 3
4437 7
4438 3
4439 6
4440 3
4441 1
4442 2
4443 0
4444 9
4445 8
4446 3
4447 3
4448 7
4449 6
4450 9
4451 3
4452 2
4453 3
4454 0
4455 9
4456 5
4457 3
4458 7
4459 8
4460 5
4461 1
4462 5
4463 4
4464 7
4465 4
4466 4
4467 5
4468 6
4469 7
4470 3
4471 7
4472 9
4473 7
4474 3
4475 8
4476 4
4477 4
4478 7
4479 5
4480 0
4481 8
4482 9
4483 4
4484 2
4485 1
4486 7
4487 2
4488 4
4489 0
4490 5
4491 1
4492 9
4493 3
4494 6
4495 9
4496 9
4497 0
4498 9
4499 1
4500 1
4501 4
4502 6
4503 6
4504 9
4505 8
4506 7
4507 6
4508 7
4509 5
4510 5
4511 0
4512 6
4513 2
4514 7
4515 9
4516 9
4517 0
4518 6
4519 8
4520 4
4521 8
4522 5
4523 3
4524 7
4525 4
4526 0
4527 5
4528 8
4529 2
4530 6
4531 6
4532 3
4533 2
4534 5
4535 4
4536 6
4537 3
4538 6
4539 5
4540 7
4541 8
4542 7
4543 7
4544 6
4545 8
4546 0
4547 2
4548 8
4549 5
4550 2
4551 0
4552 8
4553 6
4554 5
4555 3
4556 8
4557 1
4558 6
4559 6
4560 1
4561 7
4562 6
4563 5
4564 0
4565 7
4566 2
4567 7
4568 1
4569 1
4570 2
4571 6
4572 0
4573 8
4574 8
4575 0
4576 5
4577 8
4578 0
4579 1
4580 4
4581 6
4582 7
4583 3
4584 2
4585 5
4586 6
4587 7
4588 2
4589 1
4590 0
4591 0
4592 2
4593 8
4594 3
4595 2
4596 1
4597 0
4598 0
4599 4
4600 4
4601 2
4602 2
4603 7
4604 4
4605 8
4606 6
4607 5
4608 7
4609 5
4610 7
4611 5
4612 5
4613 7
4614 2
4615 2
4616 6
4617 7
4618 4
4619 5
4620 9
4621 3
4622 2
4623 5
4624 3
4625 9
4626 3
4627 6
4628 7
4629 4
4630 0
4631 3
4632 4
4633 0
4634 2
4635 3
4636 0
4637 4
4638 1
4639 1
4640 5
4641 0
4642 7
4643 8
4644 6
4645 7
4646 7
4647 1
4648 2
4649 6
4650 4
4651 4
4652 7
4653 7
4654 5
4655 3
4656 4
4657 0
4658 3
4659 3
4660 0
4661 2
4662 2
4663 7
4664 7
4665 8
4666 8
4667 6
4668 0
4669 7
4670 7
4671 3
4672 2
4673 7
4674 4
4675 7
4676 2
4677 5
4678 8
4679 4
4680 5
4681 4
4682 2
4683 4
4684 8
4685 3
4686 4
4687 2
4688 3
4689 7
4690 4
4691 8
4692 0
4693 5
4694 8
4695 4
4696 2
4697 5
4698 7
4699 5
4700 5
4701 5
4702 0
4703 9
4704 0
4705 8
4706 5
4707 0
4708 6
4709 1
4710 6
4711 1
4712 2
4713 2
4714 8
4715 8
4716 2
4717 2
4718 6
4719 2
4720 4
4721 0
4722 2
4723 4
4724 9
4725 5
4726 2
4727 1
4728 1
4729 9
4730 9
4731 4
4732 5
4733 1
4734 9
4735 5
4736 5
4737 2
4738 4
4739 0
4740 5
4741 0
4742 9
4743 2
4744 1
4745 9
4746 5
4747 3
4748 0
4749 5
4750 1
4751 0
4752 7
4753 6
4754 6
4755 4
4756 7
4757 8
4758 1
4759 4
4760 1
4761 4
4762 7
4763 7
4764 9
4765 0
4766 4
4767 6
4768 0
4769 3
4770 3
4771 9
4772 0
4773 1
4774 6
4775 5
4776 9
4777 4
4778 6
4779 0
4780 0
4781 4
4782 8
4783 9
4784 4
4785 6
4786 0
4787 9
4788 0
4789 7
4790 9
4791 0
4792 1
4793 1
4794 1
4795 1
4796 0
4797 6
4798 0
4799 2
4800 5
4801 2
4802 7
4803 6
4804 0
4805 7
4806 4
4807 7
4808 8
4809 9
4810 6
4811 3
4812 2
4813 3
4814 0
4815 9
4816 8
4817 6
4818 7
4819 6
4820 8
4821 1
4822 4
4823 9
4824 2
4825 4
4826 3
4827 7
4828 0
4829 1
4830 0
4831 3
4832 7
4833 3
4834 8
4835 8
4836 5
4837 7
4838 9
4839 8
4840 0
4841 6
4842 1
4843 5
4844 7
4845 6
4846 5
4847 0
4848 5
4849 6
4850 9
4851 7
4852 6
4853 1
4854 4
4855 5
4856 9
4857 9
4858 2
4859 6
4860 5
4861 3
4862 5
4863 4
4864 3
4865 2
4866 6
4867 8
4868 1
4869 9
4870 5
4871 9
4872 3
4873 1
4874 7
4875 8
4876 0
4877 1
4878 8
4879 2
4880 6
4881 6
4882 8
4883 2
4884 9
4885 2
4886 9
4887 5
4888 3
4889 8
4890 1
4891 2
4892 2
4893 3
4894 2
4895 3
4896 8
4897 8
4898 2
4899 5
4900 0
4901 5
4902 8
4903 0
4904 1
4905 1
4906 2
4907 1
4908 5
4909 0
4910 0
4911 7
4912 0
4913 2
4914 8
4915 1
4916 1
4917 0
4918 7
4919 5
4920 3
4921 2
4922 7
4923 2
4924 2
4925 3
4926 8
4927 6
4928 5
4929 0
4930 0
4931 9
4932 5
4933 3
4934 1
4935 9
4936 0
4937 7
4938 4
4939 9
4940 0
4941 6
4942 0
4943 8
4944 2
4945 8
4946 6
4947 0
4948 6
4949 5
4950 1
4951 5
4952 9
4953 8
4954 5
4955 2
4956 0
4957 9
4958 6
4959 1
4960 4
4961 1
4962 5
4963 4
4964 2
4965 1
4966 2
4967 8
4968 4
4969 3
4970 0
4971 8
4972 4
4973 4
4974 8
4975 3
4976 3
4977 0
4978 0
4979 6
4980 7
4981 7
4982 8
4983 2
4984 7
4985 5
4986 2
4987 5
4988 2
4989 0
4990 0
4991 0
4992 3
4993 1
4994 3
4995 5
4996 4
4997 7
4998 9
4999 2
5000 7
5001 7
5002 7
5003 2
5004 7
5005 6
5006 9
5007 2
5008 2
5009 8
5010 8
5011 7
5012 9
5013 0
5014 6
5015 1
5016 0
5017 4
5018 4
5019 0
5020 6
5021 9
5022 1
5023 0
5024 1
5025 0
5026 0
5027 0
5028 4
5029 6
5030 7
5031 2
5032 2
5033 6
5034 7
5035 5
5036 3
5037 5
5038 7
5039 3
5040 7
5041 8
5042 9
5043 3
5044 6
5045 0
5046 0
5047 2
5048 5
5049 4
5050 8
5051 2
5052 2
5053 0
5054 7
5055 3
5056 5
5057 5
5058 7
5059 1
5060 7
5061 3
5062 3
5063 8
5064 3
5065 5
5066 9
5067 0
5068 1
5069 8
5070 9
5071 3
5072 3
5073 4
5074 2
5075 3
5076 3
5077 7
5078 0
5079 7
5080 5
5081 0
5082 3
5083 8
5084 3
5085 7
5086 1
5087 3
5088 8
5089 1
5090 0
5091 4
5092 9
5093 2
5094 5
5095 7
5096 2
5097 9
5098 1
5099 5
5100 0
5101 9
5102 2
5103 9
5104 5
5105 5
5106 5
5107 8
5108 1
5109 7
5110 1
5111 7
5112 4
5113 8
5114 1
5115 3
5116 4
5117 6
5118 5
5119 3
5120 0
5121 6
5122 0
5123 9
5124 0
5125 6
5126 2
5127 5
5128 1
5129 5
5130 9
5131 6
5132 4
5133 7
5134 1
5135 3
5136 2
5137 8
5138 9
5139 1
5140 3
5141 5
5142 6
5143 1
5144 6
5145 8
5146 0
5147 3
5148 1
5149 7
5150 0
5151 3
5152 8
5153 5
5154 5
5155 7
5156 1
5157 0
5158 9
5159 0
5160 4
5161 8
5162 1
5163 5
5164 9
5165 3
5166 1
5167 2
5168 4
5169 4
5170 8
5171 5
5172 0
5173 5
5174 4
5175 8
5176 6
5177 4
5178 0
5179 5
5180 0
5181 0
5182 7
5183 3
5184 8
5185 8
5186 4
5187 4
5188 4
5189 0
5190 2
5191 7
5192 4
5193 4
5194 5
5195 9
5196 8
5197 6
5198 8
5199 9
5200 9
5201 0
5202 6
5203 3
5204 3
5205 9
5206 4
5207 0
5208 3
5209 0
5210 7
5211 6
5212 5
5213 6
5214 9
5215 9
5216 2
5217 7
5218 4
5219 0
5220 5
5221 0
5222 1
5223 5
5224 0
5225 0
5226 1
5227 4
5228 0
5229 1
5230 1
5231 7
5232 8
5233 2
5234 3
5235 0
5236 5
5237 2
5238 6
5239 3
5240 4
5241 4
5242 6
5243 6
5244 1
5245 7
5246 6
5247 0
5248 6
5249 6
5250 2
5251 5
5252 7
5253 0
5254 6
5255 3
5256 7
5257 5
5258 2
5259 0
5260 1
5261 9
5262 1
5263 0
5264 9
5265 7
5266 7
5267 0
5268 8
5269 8
5270 8
5271 2
5272 2
5273 7
5274 1
5275 8
5276 3
5277 0
5278 1
5279 4
5280 2
5281 2
5282 7
5283 9
5284 9
5285 3
5286 5
5287 8
5288 1
5289 5
5290 0
5291 5
5292 1
5293 1
5294 1
5295 3
5296 7
5297 1
5298 4
5299 7
5300 4
5301 4
5302 5
5303 8
5304 6
5305 4
5306 7
5307 4
5308 9
5309 8
5310 2
5311 4
5312 4
5313 7
5314 3
5315 6
5316 5
5317 2
5318 9
5319 5
5320 9
5321 3
5322 5
5323 0
5324 3
5325 3
5326 6
5327 8
5328 1
5329 4
5330 3
5331 1
5332 6
5333 0
5334 6
5335 3
5336 0
5337 8
5338 9
5339 3
5340 0
5341 9
5342 5
5343 2
5344 8
5345 8
5346 7
5347 2
5348 1
5349 3
5350 5
5351 1
5352 9
5353 7
5354 6
5355 0
5356 7
5357 2
5358 1
5359 3
5360 8
5361 5
5362 2
5363 8
5364 1
5365 4
5366 0
5367 2
5368 8
5369 6
5370 6
5371 1
5372 8
5373 2
5374 3
5375 9
5376 2
5377 9
5378 4
5379 4
5380 8
5381 0
5382 8
5383 8
5384 3
5385 7
5386 1
5387 2
5388 7
5389 3
5390 2
5391 6
5392 1
5393 7
5394 0
5395 5
5396 0
5397 6
5398 8
5399 3
5400 2
5401 3
5402 2
5403 8
5404 2
5405 2
5406 7
5407 7
5408 8
5409 3
5410 1
5411 9
5412 8
5413 8
5414 1
5415 5
5416 0
5417 4
5418 0
5419 3
5420 2
5421 0
5422 4
5423 0
5424 4
5425 1
5426 8
5427 5
5428 1
5429 1
5430 5
5431 3
5432 4
5433 6
5434 6
5435 2
5436 3
5437 8
5438 2
5439 8
5440 7
5441 0
5442 8
5443 0
5444 7
5445 0
5446 5
5447 5
5448 6
5449 7
5450 6
5451 3
5452 0
5453 8
5454 7
5455 0
5456 1
5457 1
5458 2
5459 8
5460 1
5461 7
5462 4
5463 1
5464 5
5465 0
5466 6
5467 2
5468 6
5469 8
5470 8
5471 1
5472 5
5473 8
5474 3
5475 9
5476 1
5477 1
5478 5
5479 2
5480 5
5481 1
5482 5
5483 3
5484 6
5485 7
5486 4
5487 8
5488 5
5489 9
5490 8
5491 1
5492 6
5493 7
5494 3
5495 2
5496 3
5497 2
5498 3
5499 0
5500 7
5501 5
5502 5
5503 1
5504 8
5505 4
5506 0
5507 2
5508 5
5509 3
5510 0
5511 0
5512 4
5513 8
5514 0
5515 1
5516 4
5517 7
5518 4
5519 4
5520 3
5521 2
5522 3
5523 4
5524 2
5525 5
5526 3
5527 2
5528 0
5529 8
5530 9
5531 2
5532 7
5533 8
5534 7
5535 5
5536 5
5537 3
5538 1
5539 4
5540 8
5541 8
5542 0
5543 1
5544 5
5545 6
5546 0
5547 2
5548 8
5549 0
5550 3
5551 5
5552 6
5553 5
5554 8
5555 8
5556 9
5557 4
5558 3
5559 5
5560 7
5561 2
5562 2
5563 4
5564 1
5565 2
5566 1
5567 7
5568 0
5569 7
5570 8
5571 3
5572 0
5573 1
5574 1
5575 2
5576 3
5577 5
5578 0
5579 1
5580 1
5581 7
5582 4
5583 7
5584 0
5585 1
5586 7
5587 3
5588 2
5589 7
5590 2
5591 5
5592 0
5593 5
5594 9
5595 0
5596 4
5597 5
5598 7
5599 6
5600 7
5601 5
5602 2
5603 9
5604 2
5605 9
5606 4
5607 1
5608 0
5609 0
5610 6
5611 2
5612 4
5613 4
5614 1
5615 9
5616 6
5617 2
5618 1
5619 6
5620 5
5621 6
5622 1
5623 0
5624 0
5625 6
5626 1
5627 1
5628 1
5629 6
5630 2
5631 2
5632 3
5633 6
5634 5
5635 9
5636 2
5637 1
5638 5
5639 6
5640 9
5641 8
5642 1
5643 2
5644 9
5645 1
5646 7
5647 7
5648 4
5649 2
5650 3
5651 1
5652 0
5653 0
5654 3
5655 7
5656 5
5657 0
5658 7
5659 6
5660 5
5661 3
5662 6
5663 5
5664 1
5665 5
5666 4
5667 0
5668 0
5669 8
5670 7
5671 0
5672 5
5673 5
5674 6
5675 0
5676 2
5677 3
5678 2
5679 8
5680 5
5681 4
5682 4
5683 1
5684 6
5685 9
5686 5
5687 7
5688 9
5689 6
5690 4
5691 5
5692 8
5693 1
5694 8
5695 9
5696 3
5697 3
5698 6
5699 8
5700 5
5701 9
5702 1
5703 5
5704 3
5705 7
5706 9
5707 7
5708 2
5709 4
5710 5
5711 5
5712 2
5713 5
5714 5
5715 3
5716 6
5717 4
5718 8
5719 2
5720 2
5721 6
5722 3
5723 1
5724 1
5725 1
5726 7
5727 6
5728 4
5729 4
5730 4
5731 3
5732 3
5733 9
5734 5
5735 8
5736 0
5737 2
5738 3
5739 9
5740 3
5741 1
5742 3
5743 1
5744 2
5745 4
5746 1
5747 1
5748 7
5749 6
5750 2
5751 0
5752 8
5753 8
5754 3
5755 6
5756 0
5757 0
5758 4
5759 7
5760 5
5761 1
5762 9
5763 3
5764 1
5765 6
5766 6
5767 9
5768 1
5769 1
5770 5
5771 4
5772 7
5773 6
5774 6
5775 8
5776 2
5777 0
5778 2
5779 6
5780 4
5781 7
5782 2
5783 7
5784 2
5785 4
5786 2
5787 1
5788 2
5789 5
5790 0
5791 0
5792 1
5793 2
5794 0
5795 3
5796 1
5797 7
5798 7
5799 2
5800 7
5801 3
5802 4
5803 8
5804 2
5805 2
5806 5
5807 9
5808 5
5809 4
5810 5
5811 6
5812 9
5813 6
5814 2
5815 7
5816 8
5817 1
5818 6
5819 4
5820 5
5821 2
5822 7
5823 4
5824 4
5825 4
5826 2
5827 6
5828 3
5829 3
5830 7
5831 0
5832 9
5833 2
5834 1
5835 4
5836 1
5837 8
5838 3
5839 3
5840 1
5841 8
5842 8
5843 8
5844 0
5845 0
5846 7
5847 3
5848 6
5849 2
5850 3
5851 3
5852 7
5853 3
5854 7
5855 5
5856 8
5857 9
5858 1
5859 8
5860 5
5861 7
5862 5
5863 1
5864 9
5865 1
5866 2
5867 1
5868 8
5869 2
5870 6
5871 0
5872 9
5873 2
5874 4
5875 6
5876 5
5877 1
5878 1
5879 5
5880 1
5881 5
5882 1
5883 6
5884 8
5885 6
5886 9
5887 5
5888 7
5889 5
5890 2
5891 1
5892 6
5893 9
5894 9
5895 5
5896 9
5897 0
5898 1
5899 3
5900 7
5901 8
5902 4
5903 1
5904 8
5905 2
5906 4
5907 7
5908 7
5909 3
5910 3
5911 0
5912 2
5913 4
5914 6
5915 9
5916 1
5917 9
5918 1
5919 3
5920 1
5921 7
5922 2
5923 7
5924 5
5925 3
5926 8
5927 9
5928 6
5929 6
5930 2
5931 4
5932 2
5933 5
5934 1
5935 4
5936 5
5937 9
5938 5
5939 2
5940 7
5941 9
5942 8
5943 5
5944 4
5945 8
5946 2
5947 2
5948 1
5949 9
5950 1
5951 8
5952 0
5953 1
5954 1
5955 6
5956 3
5957 9
5958 7
5959 9
5960 7
5961 0
5962 7
5963 5
5964 5
5965 5
5966 8
5967 9
5968 4
5969 5
5970 9
5971 2
5972 7
5973 8
5974 1
5975 0
5976 9
5977 7
5978 0
5979 3
5980 4
5981 8
5982 4
5983 7
5984 8
5985 1
5986 4
5987 1
5988 6
5989 1
5990 9
5991 3
5992 9
5993 1
5994 6
5995 4
5996 3
5997 9
5998 9
5999 8
6000 3
6001 4
6002 2
6003 2
6004 5
6005 0
6006 9
6007 1
6008 7
6009 0
6010 2
6011 9
6012 4
6013 2
6014 1
6015 9
6016 5
6017 4
6018 6
6019 9
6020 7
6021 0
6022 7
6023 1
6024 1
6025 1
6026 9
6027 5
6028 6
6029 5
6030 9
6031 7
6032 4
6033 1
6034 4
6035 7
6036 2
6037 6
6038 9
6039 9
6040 6
6041 6
6042 0
6043 5
6044 1
6045 2
6046 2
6047 4
6048 9
6049 2
6050 6
6051 0
6052 8
6053 1
6054 7
6055 7
6056 8
6057 6
6058 1
6059 7
6060 4
6061 3
6062 9
6063 9
6064 7
6065 9
6066 8
6067 8
6068 6
6069 2
6070 2
6071 9
6072 2
6073 5
6074 8
6075 2
6076 9
6077 4
6078 8
6079 6
6080 1
6081 2
6082 2
6083 5
6084 0
6085 5
6086 8
6087 5
6088 5
6089 3
6090 5
6091 7
6092 8
6093 6
6094 8
6095 4
6096 8
6097 5
6098 6
6099 8
6100 0
6101 5
6102 5
6103 0
6104 8
6105 0
6106 4
6107 0
6108 7
6109 2
6110 7
6111 1
6112 9
6113 7
6114 4
6115 8
6116 6
6117 0
6118 8
6119 3
6120 7
6121 4
6122 4
6123 7
6124 0
6125 0
6126 7
6127 3
6128 2
6129 0
6130 0
6131 2
6132 2
6133 4
6134 8
6135 2
6136 1
6137 6
6138 1
6139 8
6140 5
6141 2
6142 5
6143 0
6144 8
6145 4
6146 1
6147 2
6148 1
6149 9
6150 9
6151 5
6152 1
6153 4
6154 3
6155 3
6156 9
6157 2
6158 6
6159 5
6160 7
6161 5
6162 3
6163 7
6164 9
6165 1
6166 0
6167 8
6168 6
6169 1
6170 3
6171 7
6172 5
6173 9
6174 2
6175 2
6176 2
6177 5
6178 8
6179 6
6180 0
6181 1
6182 0
6183 8
6184 0
6185 3
6186 0
6187 3
6188 5
6189 8
6190 6
6191 8
6192 3
6193 1
6194 7
6195 2
6196 4
6197 0
6198 4
6199 0
6200 0
6201 4
6202 6
6203 4
6204 3
6205 1
6206 2
6207 0
6208 6
6209 2
6210 9
6211 0
6212 7
6213 1
6214 5
6215 6
6216 6
6217 1
6218 4
6219 8
6220 7
6221 8
6222 3
6223 9
6224 7
6225 5
6226 7
6227 9
6228 7
6229 8
6230 0
6231 6
6232 0
6233 1
6234 8
6235 2
6236 4
6237 1
6238 5
6239 0
6240 3
6241 5
6242 7
6243 7
6244 2
6245 6
6246 8
6247 9
6248 8
6249 3
6250 8
6251 6
6252 0
6253 4
6254 7
6255 4
6256 7
6257 2
6258 2
6259 4
6260 9
6261 9
6262 9
6263 9
6264 7
6265 5
6266 4
6267 7
6268 9
6269 0
6270 0
6271 9
6272 0
6273 7
6274 4
6275 9
6276 6
6277 2
6278 3
6279 1
6280 0
6281 8
6282 8
6283 0
6284 5
6285 4
6286 1
6287 0
6288 7
6289 9
6290 0
6291 9
6292 0
6293 4
6294 0
6295 0
6296 3
6297 7
6298 2
6299 3
6300 6
6301 8
6302 2
6303 6
6304 0
6305 0
6306 6
6307 0
6308 4
6309 0
6310 8
6311 3
6312 7
6313 9
6314 6
6315 0
6316 7
6317 9
6318 5
6319 0
6320 3
6321 9
6322 8
6323 7
6324 4
6325 6
6326 8
6327 1
6328 4
6329 0
6330 1
6331 4
6332 8
6333 8
6334 7
6335 9
6336 8
6337 0
6338 3
6339 6
6340 8
6341 8
6342 5
6343 7
6344 4
6345 6
6346 1
6347 1
6348 7
6349 7
6350 4
6351 5
6352 2
6353 1
6354 4
6355 8
6356 9
6357 9
6358 7
6359 4
6360 2
6361 3
6362 1
6363 8
6364 6
6365 2
6366 0
6367 6
6368 0
6369 5
6370 0
6371 7
6372 6
6373 1
6374 0
6375 4
6376 3
6377 2
6378 6
6379 1
6380 3
6381 3
6382 2
6383 2
6384 9
6385 2
6386 7
6387 4
6388 9
6389 9
6390 2
6391 0
6392 1
6393 8
6394 2
6395 7
6396 9
6397 9
6398 8
6399 2
6400 2
6401 4
6402 8
6403 1
6404 9
6405 1
6406 9
6407 5
6408 7
6409 8
6410 4
6411 5
6412 9
6413 8
6414 6
6415 8
6416 7
6417 5
6418 9
6419 1
6420 7
6421 9
6422 4
6423 5
6424 0
6425 7
6426 6
6427 1
6428 4
6429 2
6430 9
6431 5
6432 2
6433 1
6434 4
6435 3
6436 7
6437 9
6438 4
6439 3
6440 1
6441 8
6442 3
6443 3
6444 6
6445 3
6446 9
6447 6
6448 8
6449 7
6450 6
6451 3
6452 0
6453 0
6454 6
6455 0
6456 6
6457 4
6458 7
6459 6
6460 1
6461 5
6462 8
6463 6
6464 9
6465 6
6466 5
6467 4
6468 5
6469 3
6470 1
6471 8
6472 7
6473 6
6474 5
6475 0
6476 2
6477 8
6478 7
6479 7
6480 5
6481 7
6482 2
6483 8
6484 0
6485 8
6486 9
6487 4
6488 9
6489 3
6490 9
6491 3
6492 5
6493 7
6494 5
6495 3
6496 7
6497 6
6498 2
6499 1
6500 7
6501 8
6502 7
6503 1
6504 4
6505 5
6506 7
6507 5
6508 3
6509 8
6510 2
6511 7
6512 0
6513 3
6514 8
6515 8
6516 0
6517 8
6518 4
6519 4
6520 5
6521 9
6522 7
6523 6
6524 1
6525 5
6526 8
6527 5
6528 4
6529 7
6530 3
6531 9
6532 5
6533 8
6534 5
6535 8
6536 5
6537 5
6538 3
6539 8
6540 3
6541 3
6542 3
6543 1
6544 8
6545 1
6546 7
6547 2
6548 4
6549 1
6550 2
6551 6
6552 9
6553 6
6554 3
6555 2
6556 2
6557 4
6558 3
6559 8
6560 2
6561 9
6562 8
6563 5
6564 2
6565 4
6566 8
6567 2
6568 4
6569 3
6570 7
6571 0
6572 2
6573 5
6574 5
6575 5
6576 7
6577 9
6578 6
6579 1
6580 4
6581 1
6582 8
6583 6
6584 3
6585 5
6586 2
6587 3
6588 8
6589 4
6590 3
6591 9
6592 1
6593 9
6594 6
6595 6
6596 9
6597 8
6598 2
6599 4
6600 4
6601 9
6602 9
6603 4
6604 7
6605 7
6606 9
6607 0
6608 2
6609 2
6610 3
6611 0
6612 0
6613 0
6614 6
6615 9
6616 5
6617 4
6618 4
6619 3
6620 3
6621 0
6622 5
6623 9
6624 5
6625 8
6626 8
6627 8
6628 3
6629 0
6630 0
6631 8
6632 0
6633 2
6634 1
6635 9
6636 4
6637 7
6638 5
6639 5
6640 8
6641 4
6642 6
6643 4
6644 1
6645 5
6646 4
6647 1
6648 7
6649 5
6650 5
6651 6
6652 1
6653 7
6654 6
6655 3
6656 1
6657 5
6658 9
6659 1
6660 9
6661 1
6662 9
6663 6
6664 3
6665 7
6666 2
6667 2
6668 5
6669 2
6670 4
6671 5
6672 2
6673 5
6674 3
6675 1
6676 3
6677 4
6678 0
6679 3
6680 5
6681 9
6682 0
6683 2
6684 6
6685 6
6686 9
6687 8
6688 7
6689 0
6690 7
6691 0
6692 8
6693 3
6694 8
6695 8
6696 0
6697 2
6698 2
6699 5
6700 5
6701 9
6702 1
6703 5
6704 5
6705 1
6706 4
6707 2
6708 5
6709 2
6710 4
6711 9
6712 8
6713 5
6714 7
6715 0
6716 1
6717 1
6718 3
6719 5
6720 9
6721 6
6722 9
6723 4
6724 3
6725 5
6726 5
6727 4
6728 2
6729 9
6730 0
6731 8
6732 3
6733 1
6734 8
6735 1
6736 2
6737 5
6738 0
6739 3
6740 0
6741 9
6742 5
6743 5
6744 7
6745 3
6746 5
6747 0
6748 7
6749 4
6750 6
6751 3
6752 7
6753 4
6754 1
6755 1
6756 4
6757 7
6758 8
6759 2
6760 9
6761 0
6762 8
6763 9
6764 7
6765 6
6766 7
6767 7
6768 3
6769 4
6770 1
6771 4
6772 9
6773 2
6774 4
6775 4
6776 7
6777 6
6778 8
6779 2
6780 5
6781 8
6782 3
6783 7
6784 2
6785 9
6786 3
6787 3
6788 8
6789 8
6790 8
6791 9
6792 0
6793 5
6794 7
6795 0
6796 4
6797 3
6798 2
6799 5
6800 5
6801 0
6802 2
6803 8
6804 0
6805 3
6806 4
6807 9
6808 1
6809 2
6810 3
6811 5
6812 4
6813 5
6814 0
6815 1
6816 5
6817 9
6818 1
6819 3
6820 4
6821 1
6822 7
6823 3
6824 0
6825 0
6826 4
6827 6
6828 0
6829 5
6830 2
6831 3
6832 6
6833 5
6834 2
6835 7
6836 2
6837 1
6838 5
6839 4
6840 2
6841 3
6842 0
6843 8
6844 2
6845 7
6846 0
6847 0
6848 3
6849 7
6850 6
6851 6
6852 3
6853 1
6854 0
6855 6
6856 3
6857 0
6858 9
6859 8
6860 0
6861 1
6862 6
6863 4
6864 7
6865 4
6866 8
6867 2
6868 8
6869 0
6870 5
6871 5
6872 9
6873 5
6874 5
6875 9
6876 8
6877 9
6878 6
6879 8
6880 5
6881 8
6882 0
6883 3
6884 6
6885 4
6886 5
6887 2
6888 3
6889 8
6890 7
6891 9
6892 8
6893 1
6894 5
6895 7
6896 8
6897 2
6898 5
6899 6
6900 9
6901 2
6902 0
6903 1
6904 8
6905 6
6906 3
6907 2
6908 3
6909 5
6910 3
6911 6
6912 1
6913 4
6914 3
6915 6
6916 4
6917 7
6918 4
6919 7
6920 8
6921 8
6922 3
6923 7
6924 7
6925 2
6926 9
6927 1
6928 4
6929 0
6930 0
6931 1
6932 4
6933 6
6934 9
6935 4
6936 7
6937 2
6938 7
6939 4
6940 0
6941 6
6942 8
6943 1
6944 3
6945 6
6946 8
6947 0
6948 6
6949 9
6950 3
6951 8
6952 4
6953 4
6954 1
6955 7
6956 1
6957 7
6958 8
6959 8
6960 3
6961 2
6962 7
6963 8
6964 5
6965 9
6966 8
6967 0
6968 9
6969 7
6970 9
6971 0
6972 1
6973 5
6974 4
6975 5
6976 0
6977 6
6978 2
6979 2
6980 3
6981 3
6982 3
6983 2
6984 3
6985 4
6986 3
6987 5
6988 7
6989 1
6990 6
6991 9
6992 1
6993 7
6994 4
6995 9
6996 5
6997 1
6998 4
6999 6
7000 9
7001 8
7002 5
7003 7
7004 3
7005 6
7006 7
7007 6
7008 3
7009 6
7010 3
7011 6
7012 0
7013 7
7014 7
7015 0
7016 1
7017 9
7018 4
7019 9
7020 1
7021 3
7022 7
7023 1
7024 5
7025 3
7026 7
7027 2
7028 5
7029 2
7030 9
7031 9
7032 6
7033 6
7034 1
7035 6
7036 3
7037 3
7038 9
7039 2
7040 3
7041 1
7042 1
7043 3
7044 6
7045 4
7046 8
7047 7
7048 4
7049 6
7050 5
7051 1
7052 7
7053 9
7054 6
7055 7
7056 4
7057 0
7058 0
7059 4
7060 8
7061 3
7062 3
7063 5
7064 8
7065 8
7066 4
7067 4
7068 0
7069 8
7070 2
7071 9
7072 2
7073 4
7074 4
7075 9
7076 8
7077 3
7078 2
7079 6
7080 5
7081 7
7082 0
7083 7
7084 1
7085 2
7086 1
7087 3
7088 8
7089 7
7090 0
7091 5
7092 3
7093 9
7094 8
7095 3
7096 0
7097 7
7098 4
7099 5
7100 0
7101 1
7102 4
7103 8
7104 7
7105 8
7106 2
7107 0
7108 7
7109 5
7110 9
7111 4
7112 7
7113 0
7114 8
7115 5
7116 1
7117 2
7118 1
7119 8
7120 5
7121 7
7122 7
7123 9
7124 9
7125 0
7126 1
7127 6
7128 1
7129 3
7130 7
7131 3
7132 4
7133 2
7134 7
7135 1
7136 1
7137 2
7138 1
7139 7
7140 1
7141 0
7142 4
7143 8
7144 0
7145 7
7146 1
7147 2
7148 1
7149 4
7150 2
7151 4
7152 5
7153 6
7154 5
7155 9
7156 2
7157 5
7158 4
7159 0
7160 5
7161 3
7162 7
7163 5
7164 8
7165 8
7166 0
7167 2
7168 0
7169 7
7170 7
7171 4
7172 8
7173 0
7174 4
7175 5
7176 4
7177 5
7178 7
7179 4
7180 3
7181 2
7182 3
7183 8
7184 9
7185 0
7186 2
7187 1
7188 9
7189 5
7190 9
7191 8
7192 9
7193 1
7194 9
7195 2
7196 8
7197 1
7198 1
7199 4
7200 4
7201 5
7202 6
7203 3
7204 8
7205 4
7206 8
7207 8
7208 8
7209 9
7210 5
7211 6
7212 4
7213 5
7214 4
7215 0
7216 4
7217 3
7218 5
7219 0
7220 0
7221 9
7222 8
7223 1
7224 1
7225 7
7226 8
7227 9
7228 7
7229 0
7230 5
7231 9
7232 7
7233 8
7234 5
7235 9
7236 8
7237 1
7238 8
7239 9
7240 8
7241 9
7242 0
7243 8
7244 3
7245 8
7246 5
7247 4
7248 0
7249 6
7250 5
7251 8
7252 7
7253 2
7254 2
7255 1
7256 5
7257 0
7258 2
7259 5
7260 5
7261 8
7262 4
7263 4
7264 6
7265 4
7266 0
7267 3
7268 4
7269 8
7270 4
7271 4
7272 2
7273 5
7274 7
7275 5
7276 1
7277 0
7278 2
7279 8
7280 3
7281 7
7282 3
7283 4
7284 5
7285 5
7286 9
7287 8
7288 6
7289 0
7290 0
7291 1
7292 5
7293 5
7294 5
7295 6
7296 6
7297 9
7298 7
7299 2
7300 6
7301 7
7302 8
7303 5
7304 1
7305 0
7306 7
7307 3
7308 0
7309 0
7310 3
7311 9
7312 7
7313 7
7314 7
7315 8
7316 0
7317 4
7318 5
7319 0
7320 2
7321 1
7322 9
7323 8
7324 7
7325 0
7326 9
7327 8
7328 7
7329 3
7330 3
7331 0
7332 8
7333 3
7334 7
7335 0
7336 5
7337 5
7338 0
7339 8
7340 9
7341 3
7342 8
7343 2
7344 5
7345 2
7346 2
7347 4
7348 5
7349 8
7350 5
7351 0
7352 3
7353 0
7354 9
7355 9
7356 1
7357 8
7358 0
7359 5
7360 2
7361 9
7362 0
7363 5
7364 9
7365 1
7366 5
7367 4
7368 5
7369 9
7370 2
7371 4
7372 4
7373 4
7374 6
7375 7
7376 2
7377 3
7378 2
7379 8
7380 9
7381 3
7382 5
7383 8
7384 0
7385 6
7386 8
7387 2
7388 1
7389 1
7390 2
7391 4
7392 7
7393 1
7394 5
7395 6
7396 6
7397 6
7398 1
7399 7
7400 9
7401 9
7402 7
7403 2
7404 2
7405 9
7406 4
7407 7
7408 6
7409 7
7410 5
7411 5
7412 2
7413 7
7414 8
7415 3
7416 7
7417 5
7418 5
7419 2
7420 2
7421 0
7422 5
7423 7
7424 5
7425 6
7426 6
7427 2
7428 6
7429 6
7430 7
7431 0
7432 2
7433 7
7434 5
7435 5
7436 0
7437 6
7438 0
7439 9
7440 7
7441 3
7442 5
7443 5
7444 7
7445 7
7446 3
7447 0
7448 3
7449 2
7450 6
7451 9
7452 8
7453 4
7454 0
7455 7
7456 8
7457 8
7458 7
7459 6
7460 6
7461 1
7462 3
7463 0
7464 6
7465 5
7466 6
7467 9
7468 1
7469 7
7470 1
7471 1
7472 6
7473 3
7474 8
7475 7
7476 2
7477 8
7478 0
7479 2
7480 6
7481 4
7482 0
7483 8
7484 8
7485 2
7486 8
7487 2
7488 0
7489 3
7490 6
7491 5
7492 1
7493 0
7494 3
7495 3
7496 7
7497 9
7498 0
7499 9
7500 3
7501 5
7502 5
7503 4
7504 2
7505 2
7506 2
7507 7
7508 8
7509 5
7510 0
7511 5
7512 2
7513 6
7514 1
7515 3
7516 0
7517 7
7518 5
7519 6
7520 8
7521 8
7522 9
7523 0
7524 0
7525 7
7526 2
7527 6
7528 2
7529 3
7530 9
7531 5
7532 6
7533 6
7534 1
7535 3
7536 6
7537 5
7538 0
7539 8
7540 6
7541 4
7542 9
7543 3
7544 2
7545 9
7546 4
7547 2
7548 6
7549 1
7550 3
7551 0
7552 5
7553 1
7554 8
7555 9
7556 8
7557 8
7558 7
7559 7
7560 1
7561 7
7562 9
7563 7
7564 7
7565 1
7566 5
7567 2
7568 4
7569 2
7570 4
7571 8
7572 5
7573 6
7574 1
7575 8
7576 4
7577 3
7578 9
7579 1
7580 5
7581 5
7582 1
7583 8
7584 3
7585 9
7586 2
7587 3
7588 4
7589 9
7590 6
7591 2
7592 3
7593 4
7594 8
7595 4
7596 3
7597 6
7598 0
7599 4
7600 8
7601 5
7602 0
7603 3
7604 1
7605 7
7606 0
7607 6
7608 5
7609 0
7610 1
7611 9
7612 6
7613 0
7614 2
7615 2
7616 7
7617 9
7618 4
7619 5
7620 5
7621 9
7622 2
7623 0
7624 4
7625 8
7626 2
7627 2
7628 0
7629 5
7630 4
7631 7
7632 0
7633 7
7634 2
7635 5
7636 4
7637 5
7638 4
7639 6
7640 2
7641 3
7642 3
7643 4
7644 5
7645 9
7646 6
7647 3
7648 3
7649 3
7650 4
7651 0
7652 1
7653 1
7654 1
7655 6
7656 7
7657 0
7658 7
7659 8
7660 3
7661 8
7662 3
7663 7
7664 3
7665 0
7666 4
7667 5
7668 1
7669 6
7670 8
7671 7
7672 9
7673 7
7674 7
7675 2
7676 9
7677 3
7678 5
7679 2
7680 1
7681 4
7682 3
7683 3
7684 1
7685 1
7686 3
7687 7
7688 8
7689 3
7690 9
7691 5
7692 9
7693 1
7694 4
7695 9
7696 1
7697 3
7698 2
7699 8
7700 6
7701 7
7702 8
7703 0
7704 9
7705 8
7706 5
7707 6
7708 4
7709 9
7710 2
7711 8
7712 6
7713 5
7714 3
7715 9
7716 0
7717 7
7718 2
7719 1
7720 2
7721 6
7722 8
7723 1
7724 5
7725 6
7726 1
7727 6
7728 1
7729 2
7730 9
7731 5
7732 0
7733 2
7734 1
7735 1
7736 1
7737 0
7738 7
7739 3
7740 3
7741 2
7742 8
7743 0
7744 2
7745 3
7746 3
7747 9
7748 9
7749 4
7750 4
7751 8
7752 2
7753 0
7754 5
7755 4
7756 0
7757 7
7758 4
7759 1
7760 5
7761 9
7762 3
7763 7
7764 6
7765 0
7766 5
7767 4
7768 9
7769 9
7770 8
7771 8
7772 0
7773 9
7774 6
7775 1
7776 5
7777 3
7778 7
7779 8
7780 8
7781 9
7782 7
7783 1
7784 5
7785 5
7786 7
7787 0
7788 9
7789 3
7790 1
7791 0
7792 9
7793 5
7794 6
7795 0
7796 2
7797 5
7798 0
7799 7
7800 5
7801 0
7802 1
7803 3
7804 4
7805 3
7806 0
7807 6
7808 6
7809 5
7810 0
7811 2
7812 5
7813 0
7814 9
7815 9
7816 2
7817 4
7818 8
7819 0
7820 8
7821 7
7822 7
7823 1
7824 1
7825 1
7826 0
7827 6
7828 2
7829 2
7830 0
7831 8
7832 8
7833 9
7834 8
7835 3
7836 0
7837 6
7838 8
7839 2
7840 8
7841 0
7842 6
7843 1
7844 3
7845 6
7846 8
7847 0
7848 8
7849 8
7850 9
7851 1
7852 7
7853 3
7854 0
7855 8
7856 4
7857 1
7858 7
7859 6
7860 4
7861 9
7862 9
7863 7
7864 7
7865 1
7866 9
7867 7
7868 9
7869 2
7870 9
7871 8
7872 6
7873 9
7874 2
7875 7
7876 5
7877 2
7878 6
7879 5
7880 3
7881 5
7882 3
7883 6
7884 8
7885 8
7886 0
7887 1
7888 6
7889 6
7890 4
7891 4
7892 1
7893 0
7894 7
7895 2
7896 7
7897 7
7898 4
7899 4
7900 9
7901 8
7902 0
7903 5
7904 5
7905 0
7906 7
7907 3
7908 2
7909 2
7910 8
7911 6
7912 2
7913 2
7914 0
7915 5
7916 4
7917 4
7918 2
7919 2
7920 9
7921 6
7922 4
7923 3
7924 7
7925 3
7926 8
7927 5
7928 9
7929 6
7930 0
7931 5
7932 8
7933 4
7934 8
7935 2
7936 1
7937 5
7938 5
7939 6
7940 6
7941 7
7942 0
7943 4
7944 2
7945 9
7946 2
7947 9
7948 8
7949 3
7950 1
7951 5
7952 5
7953 5
7954 1
7955 1
7956 1
7957 0
7958 6
7959 1
7960 8
7961 9
7962 2
7963 9
7964 3
7965 4
7966 9
7967 7
7968 2
7969 8
7970 5
7971 3
7972 0
7973 7
7974 3
7975 6
7976 9
7977 2
7978 7
7979 6
7980 6
7981 8
7982 6
7983 1
7984 7
7985 1
7986 4
7987 9
7988 4
7989 8
7990 6
7991 0
7992 6
7993 5
7994 3
7995 7
7996 0
7997 4
7998 9
7999 7
8000 4
8001 4
8002 4
8003 7
8004 3
8005 0
8006 7
8007 4
8008 1
8009 2
8010 3
8011 8
8012 0
8013 7
8014 9
8015 4
8016 8
8017 1
8018 6
8019 0
8020 6
8021 0
8022 8
8023 4
8024 5
8025 1
8026 2
8027 1
8028 9
8029 8
8030 2
8031 3
8032 0
8033 1
8034 8
8035 3
8036 7
8037 8
8038 5
8039 2
8040 5
8041 3
8042 7
8043 8
8044 0
8045 2
8046 5
8047 7
8048 4
8049 0
8050 7
8051 4
8052 5
8053 0
8054 9
8055 9
8056 1
8057 7
8058 7
8059 0
8060 4
8061 2
8062 7
8063 7
8064 8
8065 5
8066 7
8067 7
8068 1
8069 2
8070 6
8071 5
8072 9
8073 4
8074 0
8075 7
8076 4
8077 7
8078 2
8079 8
8080 9
8081 8
8082 2
8083 3
8084 0
8085 2
8086 0
8087 9
8088 8
8089 5
8090 6
8091 6
8092 1
8093 5
8094 1
8095 6
8096 8
8097 7
8098 7
8099 0
8100 7
8101 2
8102 0
8103 1
8104 4
8105 5
8106 9
8107 7
8108 1
8109 1
8110 5
8111 2
8112 9
8113 5
8114 7
8115 5
8116 6
8117 5
8118 8
8119 1
8120 9
8121 0
8122 2
8123 3
8124 7
8125 3
8126 6
8127 6
8128 7
8129 1
8130 3
8131 6
8132 7
8133 5
8134 6
8135 9
8136 5
8137 3
8138 1
8139 6
8140 6
8141 1
8142 1
8143 9
8144 8
8145 2
8146 6
8147 9
8148 0
8149 5
8150 0
8151 2
8152 3
8153 5
8154 1
8155 7
8156 5
8157 2
8158 2
8159 3
8160 0
8161 0
8162 4
8163 8
8164 3
8165 7
8166 4
8167 2
8168 4
8169 4
8170 8
8171 9
8172 0
8173 1
8174 9
8175 4
8176 7
8177 5
8178 7
8179 3
8180 1
8181 2
8182 9
8183 5
8184 4
8185 4
8186 9
8187 0
8188 4
8189 1
8190 5
8191 2
8192 6
8193 5
8194 3
8195 5
8196 7
8197 5
8198 4
8199 8
8200 1
8201 8
8202 4
8203 9
8204 0
8205 0
8206 6
8207 4
8208 3
8209 2
8210 9
8211 1
8212 8
8213 9
8214 5
8215 8
8216 7
8217 1
8218 1
8219 5
8220 4
8221 4
8222 9
8223 0
8224 0
8225 8
8226 1
8227 8
8228 0
8229 4
8230 6
8231 1
8232 0
8233 0
8234 6
8235 9
8236 6
8237 9
8238 6
8239 6
8240 7
8241 2
8242 1
8243 2
8244 3
8245 1
8246 4
8247 4
8248 1
8249 5
8250 6
8251 0
8252 0
8253 7
8254 9
8255 8
8256 3
8257 1
8258 6
8259 5
8260 9
8261 0
8262 7
8263 5
8264 4
8265 0
8266 6
8267 0
8268 4
8269 7
8270 6
8271 8
8272 7
8273 0
8274 8
8275 9
8276 1
8277 7
8278 7
8279 3
8280 6
8281 8
8282 4
8283 4
8284 0
8285 2
8286 2
8287 2
8288 2
8289 8
8290 8
8291 9
8292 1
8293 3
8294 6
8295 0
8296 5
8297 5
8298 4
8299 4
8300 7
8301 4
8302 9
8303 5
8304 4
8305 0
8306 7
8307 6
8308 4
8309 1
8310 7
8311 6
8312 2
8313 1
8314 4
8315 4
8316 7
8317 7
8318 3
8319 4
8320 6
8321 8
8322 0
8323 8
8324 9
8325 1
8326 4
8327 0
8328 8
8329 9
8330 6
8331 1
8332 2
8333 3
8334 9
8335 9
8336 9
8337 1
8338 4
8339 8
8340 4
8341 7
8342 1
8343 2
8344 8
8345 3
8346 7
8347 0
8348 9
8349 9
8350 7
8351 2
8352 1
8353 0
8354 3
8355 1
8356 3
8357 7
8358 3
8359 3
8360 0
8361 2
8362 8
8363 8
8364 0
8365 3
8366 7
8367 1
8368 3
8369 3
8370 5
8371 9
8372 0
8373 9
8374 4
8375 0
8376 6
8377 3
8378 5
8379 6
8380 0
8381 1
8382 0
8383 7
8384 2
8385 3
8386 4
8387 1
8388 8
8389 5
8390 0
8391 2
8392 9
8393 0
8394 5
8395 3
8396 7
8397 3
8398 0
8399 7
8400 2
8401 7
8402 7
8403 7
8404 0
8405 7
8406 3
8407 4
8408 9
8409 3
8410 0
8411 5
8412 1
8413 3
8414 7
8415 5
8416 0
8417 6
8418 5
8419 1
8420 9
8421 3
8422 6
8423 7
8424 9
8425 4
8426 0
8427 4
8428 2
8429 4
8430 0
8431 3
8432 7
8433 3
8434 3
8435 2
8436 3
8437 8
8438 4
8439 2
8440 0
8441 0
8442 3
8443 7
8444 0
8445 6
8446 4
8447 1
8448 9
8449 2
8450 1
8451 8
8452 1
8453 0
8454 8
8455 4
8456 3
8457 5
8458 9
8459 0
8460 8
8461 2
8462 4
8463 5
8464 4
8465 8
8466 4
8467 0
8468 2
8469 1
8470 8
8471 1
8472 1
8473 4
8474 0
8475 7
8476 3
8477 0
8478 3
8479 4
8480 7
8481 4
8482 3
8483 7
8484 7
8485 3
8486 7
8487 4
8488 3
8489 3
8490 6
8491 0
8492 8
8493 0
8494 5
8495 3
8496 1
8497 7
8498 6
8499 8
8500 0
8501 3
8502 0
8503 3
8504 5
8505 7
8506 1
8507 1
8508 4
8509 5
8510 5
8511 7
8512 7
8513 6
8514 9
8515 4
8516 9
8517 0
8518 1
8519 7
8520 1
8521 4
8522 4
8523 5
8524 8
8525 2
8526 6
8527 4
8528 0
8529 8
8530 4
8531 0
8532 7
8533 0
8534 9
8535 7
8536 2
8537 8
8538 4
8539 6
8540 8
8541 0
8542 4
8543 6
8544 1
8545 8
8546 3
8547 8
8548 6
8549 0
8550 6
8551 9
8552 3
8553 0
8554 8
8555 8
8556 0
8557 8
8558 5
8559 3
8560 8
8561 9
8562 8
8563 1
8564 7
8565 7
8566 7
8567 6
8568 6
8569 6
8570 4
8571 6
8572 4
8573 7
8574 9
8575 6
8576 1
8577 7
8578 5
8579 7
8580 2
8581 5
8582 4
8583 9
8584 1
8585 1
8586 1
8587 1
8588 1
8589 9
8590 3
8591 5
8592 7
8593 2
8594 0
8595 8
8596 3
8597 1
8598 5
8599 2
8600 6
8601 9
8602 4
8603 0
8604 4
8605 8
8606 6
8607 9
8608 8
8609 0
8610 4
8611 2
8612 0
8613 5
8614 8
8615 5
8616 7
8617 8
8618 1
8619 3
8620 6
8621 0
8622 8
8623 3
8624 4
8625 3
8626 3
8627 4
8628 2
8629 4
8630 8
8631 5
8632 6
8633 4
8634 0
8635 9
8636 7
8637 1
8638 9
8639 6
8640 9
8641 0
8642 4
8643 3
8644 1
8645 7
8646 0
8647 8
8648 1
8649 7
8650 7
8651 2
8652 8
8653 8
8654 5
8655 7
8656 0
8657 8
8658 4
8659 0
8660 1
8661 9
8662 5
8663 7
8664 7
8665 5
8666 7
8667 9
8668 1
8669 3
8670 7
8671 9
8672 7
8673 6
8674 1
8675 6
8676 3
8677 6
8678 4
8679 8
8680 7
8681 8
8682 1
8683 7
8684 2
8685 5
8686 4
8687 0
8688 6
8689 2
8690 1
8691 3
8692 8
8693 2
8694 3
8695 6
8696 1
8697 9
8698 8
8699 8
8700 0
8701 3
8702 7
8703 8
8704 2
8705 9
8706 5
8707 0
8708 4
8709 1
8710 0
8711 4
8712 9
8713 1
8714 1
8715 6
8716 9
8717 2
8718 6
8719 2
8720 2
8721 7
8722 7
8723 2
8724 1
8725 7
8726 1
8727 1
8728 0
8729 5
8730 4
8731 9
8732 8
8733 7
8734 0
8735 2
8736 1
8737 1
8738 6
8739 9
8740 9
8741 6
8742 7
8743 5
8744 0
8745 3
8746 0
8747 7
8748 6
8749 4
8750 0
8751 1
8752 3
8753 3
8754 4
8755 1
8756 5
8757 3
8758 6
8759 1
8760 7
8761 8
8762 4
8763 0
8764 1
8765 1
8766 2
8767 4
8768 8
8769 7
8770 8
8771 7
8772 9
8773 3
8774 2
8775 0
8776 6
8777 9
8778 9
8779 9
8780 2
8781 7
8782 9
8783 4
8784 7
8785 0
8786 8
8787 6
8788 7
8789 5
8790 6
8791 5
8792 8
8793 3
8794 7
8795 6
8796 1
8797 8
8798 8
8799 6
8800 3
8801 8
8802 8
8803 0
8804 5
8805 4
8806 0
8807 2
8808 3
8809 8
8810 1
8811 1
8812 5
8813 3
8814 0
8815 7
8816 2
8817 0
8818 7
8819 1
8820 7
8821 6
8822 5
8823 4
8824 9
8825 4
8826 1
8827 1
8828 5
8829 6
8830 2
8831 6
8832 9
8833 8
8834 8
8835 7
8836 5
8837 4
8838 1
8839 3
8840 4
8841 0
8842 1
8843 4
8844 4
8845 7
8846 1
8847 1
8848 5
8849 9
8850 4
8851 6
8852 3
8853 8
8854 0
8855 4
8856 0
8857 7
8858 3
8859 1
8860 0
8861 8
8862 7
8863 7
8864 1
8865 5
8866 5
8867 1
8868 7
8869 1
8870 8
8871 5
8872 2
8873 1
8874 3
8875 2
8876 0
8877 3
8878 3
8879 0
8880 6
8881 8
8882 2
8883 4
8884 4
8885 7
8886 4
8887 1
8888 8
8889 4
8890 6
8891 1
8892 0
8893 7
8894 2
8895 4
8896 2
8897 0
8898 0
8899 1
8900 7
8901 2
8902 5
8903 9
8904 2
8905 5
8906 3
8907 0
8908 3
8909 8
8910 7
8911 5
8912 9
8913 2
8914 7
8915 4
8916 6
8917 5
8918 8
8919 3
8920 7
8921 3
8922 9
8923 1
8924 7
8925 0
8926 9
8927 6
8928 0
8929 3
8930 7
8931 8
8932 1
8933 0
8934 3
8935 9
8936 2
8937 7
8938 3
8939 0
8940 4
8941 3
8942 6
8943 4
8944 4
8945 3
8946 3
8947 1
8948 1
8949 9
8950 8
8951 8
8952 4
8953 8
8954 8
8955 0
8956 1
8957 7
8958 6
8959 0
8960 7
8961 5
8962 0
8963 0
8964 7
8965 9
8966 9
8967 9
8968 7
8969 8
8970 5
8971 5
8972 9
8973 1
8974 3
8975 9
8976 3
8977 7
8978 7
8979 9
8980 1
8981 1
8982 9
8983 9
8984 8
8985 7
8986 4
8987 7
8988 9
8989 8
8990 7
8991 0
8992 8
8993 2
8994 4
8995 1
8996 5
8997 0
8998 7
8999 7
9000 2
9001 3
9002 7
9003 6
9004 2
9005 3
9006 4
9007 7
9008 1
9009 1
9010 9
9011 2
9012 9
9013 7
9014 9
9015 4
9016 2
9017 0
9018 3
9019 3
9020 0
9021 4
9022 2
9023 4
9024 6
9025 0
9026 7
9027 0
9028 6
9029 7
9030 0
9031 5
9032 8
9033 7
9034 4
9035 6
9036 0
9037 7
9038 5
9039 1
9040 9
9041 6
9042 5
9043 1
9044 5
9045 9
9046 9
9047 4
9048 4
9049 7
9050 9
9051 2
9052 6
9053 8
9054 6
9055 8
9056 2
9057 1
9058 7
9059 7
9060 0
9061 2
9062 9
9063 0
9064 5
9065 9
9066 4
9067 2
9068 1
9069 3
9070 7
9071 8
9072 8
9073 1
9074 7
9075 5
9076 3
9077 2
9078 3
9079 1
9080 0
9081 8
9082 3
9083 7
9084 3
9085 7
9086 5
9087 3
9088 4
9089 2
9090 3
9091 7
9092 5
9093 2
9094 9
9095 4
9096 2
9097 6
9098 9
9099 1
9100 6
9101 1
9102 2
9103 0
9104 2
9105 2
9106 0
9107 0
9108 3
9109 0
9110 7
9111 8
9112 2
9113 2
9114 4
9115 0
9116 1
9117 6
9118 6
9119 7
9120 6
9121 5
9122 2
9123 8
9124 6
9125 0
9126 4
9127 4
9128 8
9129 6
9130 1
9131 3
9132 7
9133 5
9134 6
9135 3
9136 2
9137 7
9138 9
9139 7
9140 7
9141 9
9142 2
9143 9
9144 4
9145 6
9146 9
9147 1
9148 1
9149 8
9150 3
9151 6
9152 9
9153 1
9154 0
9155 3
9156 5
9157 3
9158 0
9159 9
9160 0
9161 1
9162 7
9163 4
9164 1
9165 8
9166 8
9167 9
9168 9
9169 3
9170 1
9171 3
9172 2
9173 9
9174 2
9175 3
9176 4
9177 3
9178 8
9179 2
9180 5
9181 2
9182 6
9183 6
9184 8
9185 4
9186 4
9187 4
9188 0
9189 7
9190 2
9191 0
9192 4
9193 8
9194 1
9195 6
9196 0
9197 0
9198 1
9199 6
9200 6
9201 6
9202 4
9203 6
9204 7
9205 5
9206 8
9207 8
9208 9
9209 2
9210 9
9211 3
9212 4
9213 7
9214 0
9215 6
9216 0
9217 5
9218 8
9219 7
9220 5
9221 2
9222 0
9223 5
9224 1
9225 3
9226 0
9227 0
9228 0
9229 0
9230 9
9231 9
9232 4
9233 3
9234 3
9235 4
9236 3
9237 0
9238 6
9239 3
9240 4
9241 4
9242 9
9243 0
9244 8
9245 0
9246 6
9247 5
9248 5
9249 1
9250 7
9251 1
9252 3
9253 8
9254 7
9255 6
9256 1
9257 1
9258 0
9259 2
9260 8
9261 7
9262 5
9263 3
9264 1
9265 6
9266 0
9267 9
9268 7
9269 4
9270 7
9271 4
9272 5
9273 8
9274 3
9275 3
9276 8
9277 4
9278 3
9279 6
9280 2
9281 7
9282 2
9283 4
9284 3
9285 9
9286 8
9287 7
9288 7
9289 0
9290 0
9291 4
9292 9
9293 9
9294 8
9295 9
9296 7
9297 3
9298 6
9299 2
9300 1
9301 2
9302 8
9303 7
9304 0
9305 4
9306 1
9307 7
9308 2
9309 8
9310 9
9311 4
9312 1
9313 6
9314 5
9315 3
9316 2
9317 8
9318 1
9319 4
9320 8
9321 5
9322 7
9323 3
9324 6
9325 9
9326 1
9327 6
9328 4
9329 3
9330 7
9331 6
9332 6
9333 5
9334 4
9335 0
9336 2
9337 1
9338 3
9339 7
9340 1
9341 7
9342 0
9343 4
9344 1
9345 5
9346 7
9347 6
9348 9
9349 0
9350 8
9351 6
9352 4
9353 2
9354 4
9355 5
9356 3
9357 3
9358 7
9359 5
9360 4
9361 5
9362 4
9363 4
9364 0
9365 5
9366 8
9367 2
9368 8
9369 3
9370 7
9371 1
9372 7
9373 9
9374 5
9375 5
9376 1
9377 6
9378 0
9379 0
9380 6
9381 9
9382 7
9383 4
9384 6
9385 7
9386 1
9387 4
9388 3
9389 0
9390 3
9391 5
9392 8
9393 9
9394 5
9395 9
9396 5
9397 2
9398 7
9399 3
9400 8
9401 2
9402 7
9403 8
9404 2
9405 0
9406 8
9407 9
9408 8
9409 2
9410 4
9411 6
9412 1
9413 7
9414 6
9415 6
9416 0
9417 7
9418 9
9419 1
9420 0
9421 9
9422 1
9423 2
9424 1
9425 3
9426 9
9427 2
9428 8
9429 3
9430 5
9431 1
9432 9
9433 1
9434 2
9435 8
9436 2
9437 8
9438 4
9439 2
9440 3
9441 0
9442 5
9443 9
9444 2
9445 4
9446 6
9447 1
9448 8
9449 2
9450 4
9451 7
9452 4
9453 4
9454 2
9455 1
9456 2
9457 9
9458 3
9459 4
9460 4
9461 0
9462 5
9463 8
9464 9
9465 8
9466 5
9467 3
9468 7
9469 8
9470 3
9471 4
9472 8
9473 0
9474 2
9475 3
9476 5
9477 1
9478 4
9479 8
9480 6
9481 9
9482 2
9483 6
9484 1
9485 6
9486 0
9487 7
9488 3
9489 7
9490 9
9491 2
9492 3
9493 9
9494 7
9495 1
9496 8
9497 0
9498 4
9499 6
9500 0
9501 7
9502 0
9503 1
9504 9
9505 2
9506 4
9507 4
9508 6
9509 0
9510 6
9511 0
9512 6
9513 2
9514 9
9515 5
9516 2
9517 0
9518 5
9519 8
9520 3
9521 7
9522 5
9523 1
9524 3
9525 1
9526 7
9527 1
9528 2
9529 3
9530 6
9531 3
9532 2
9533 3
9534 5
9535 3
9536 1
9537 4
9538 1
9539 5
9540 0
9541 5
9542 1
9543 3
9544 7
9545 0
9546 8
9547 8
9548 8
9549 9
9550 8
9551 0
9552 9
9553 4
9554 2
9555 3
9556 0
9557 7
9558 7
9559 9
9560 0
9561 6
9562 0
9563 0
9564 3
9565 5
9566 2
9567 8
9568 4
9569 1
9570 9
9571 2
9572 4
9573 8
9574 8
9575 9
9576 8
9577 1
9578 1
9579 6
9580 3
9581 3
9582 3
9583 5
9584 6
9585 3
9586 5
9587 6
9588 6
9589 7
9590 4
9591 4
9592 2
9593 7
9594 1
9595 8
9596 8
9597 1
9598 3
9599 9
9600 4
9601 7
9602 8
9603 7
9604 4
9605 6
9606 5
9607 8
9608 6
9609 1
9610 2
9611 5
9612 9
9613 1
9614 4
9615 8
9616 5
9617 6
9618 8
9619 7
9620 2
9621 4
9622 9
9623 8
9624 8
9625 1
9626 0
9627 6
9628 1
9629 8
9630 7
9631 5
9632 5
9633 9
9634 0
9635 9
9636 2
9637 2
9638 7
9639 6
9640 7
9641 2
9642 4
9643 4
9644 5
9645 4
9646 2
9647 7
9648 1
9649 6
9650 3
9651 0
9652 5
9653 7
9654 8
9655 8
9656 6
9657 1
9658 7
9659 0
9660 7
9661 7
9662 1
9663 8
9664 9
9665 2
9666 8
9667 7
9668 3
9669 9
9670 0
9671 6
9672 5
9673 8
9674 2
9675 1
9676 4
9677 9
9678 7
9679 5
9680 1
9681 0
9682 4
9683 7
9684 0
9685 4
9686 6
9687 7
9688 8
9689 8
9690 5
9691 1
9692 2
9693 2
9694 6
9695 7
9696 7
9697 7
9698 3
9699 8
9700 5
9701 6
9702 9
9703 9
9704 8
9705 5
9706 1
9707 3
9708 9
9709 2
9710 4
9711 3
9712 6
9713 3
9714 8
9715 5
9716 0
9717 5
9718 8
9719 5
9720 0
9721 5
9722 7
9723 4
9724 6
9725 7
9726 1
9727 3
9728 5
9729 2
9730 1
9731 2
9732 2
9733 6
9734 0
9735 4
9736 1
9737 3
9738 2
9739 3
9740 3
9741 8
9742 0
9743 0
9744 6
9745 7
9746 0
9747 7
9748 9
9749 5
9750 7
9751 9
9752 9
9753 4
9754 8
9755 8
9756 2
9757 4
9758 7
9759 4
9760 3
9761 7
9762 7
9763 0
9764 6
9765 3
9766 3
9767 0
9768 8
9769 0
9770 3
9771 5
9772 2
9773 9
9774 5
9775 7
9776 1
9777 5
9778 3
9779 9
9780 6
9781 7
9782 6
9783 2
9784 9
9785 9
9786 6
9787 0
9788 7
9789 1
9790 7
9791 1
9792 6
9793 1
9794 7
9795 1
9796 4
9797 0
9798 8
9799 9
9800 5
9801 8
9802 2
9803 0
9804 4
9805 6
9806 8
9807 9
9808 4
9809 3
9810 8
9811 9
9812 2
9813 5
9814 2
9815 6
9816 4
9817 8
9818 9
9819 3
9820 8
9821 7
9822 0
9823 9
9824 5
9825 0
9826 6
9827 2
9828 7
9829 9
9830 8
9831 3
9832 1
9833 5
9834 4
9835 6
9836 7
9837 7
9838 6
9839 1
9840 4
9841 1
9842 3
9843 3
9844 2
9845 6
9846 3
9847 3
9848 2
9849 2
9850 0
9851 4
9852 3
9853 4
9854 2
9855 3
9856 3
9857 0
9858 1
9859 3
9860 0
9861 5
9862 8
9863 3
9864 2
9865 0
9866 7
9867 1
9868 0
9869 2
9870 3
9871 8
9872 3
9873 2
9874 0
9875 3
9876 4
9877 2
9878 5
9879 2
9880 5
9881 3
9882 0
9883 6
9884 7
9885 1
9886 5
9887 4
9888 6
9889 0
9890 3
9891 0
9892 8
9893 6
9894 0
9895 8
9896 7
9897 9
9898 2
9899 8
9900 6
9901 8
9902 7
9903 9
9904 0
9905 5
9906 1
9907 9
9908 3
9909 6
9910 8
9911 3
9912 0
9913 3
9914 2
9915 3
9916 5
9917 6
9918 9
9919 0
9920 8
9921 4
9922 5
9923 1
9924 9
9925 3
9926 8
9927 6
9928 5
9929 0
9930 4
9931 6
9932 4
9933 4
9934 9
9935 3
9936 0
9937 3
9938 4
9939 5
9940 5
9941 8
9942 9
9943 1
9944 5
9945 4
9946 7
9947 2
9948 6
9949 8
9950 6
9951 2
9952 9
9953 2
9954 2
9955 0
9956 7
9957 4
9958 8
9959 1
9960 7
9961 3
9962 5
9963 0
9964 6
9965 5
9966 6
9967 2
9968 8
9969 6
9970 4
9971 0
9972 3
9973 7
9974 6
9975 9
9976 0
9977 8
9978 5
9979 6
9980 8
9981 9
9982 5
9983 5
9984 6
9985 2
9986 0
9987 9
9988 1
9989 1
9990 8
9991 6
9992 0
9993 8
9994 3
9995 3
9996 9
9997 5
9998 5
9999 9
10000 5