1 2
2 5
3 0
4 2
5 9
6 0
7 7
8 8
9 7
10 5
11 0
12 9
13 5
14 8
15 9
16 2
17 8
18 2
19 2
20 2
21 8
22 3
23 9
24 0
25 2
26 8
27 7
28 3
29 2
30 1
31 8
32 2
33 1
34 5
35 7
36 8
37 6
38 3
39 8
40 1
41 2
42 7
43 1
44 3
45 7
46 6
47 7
48 2
49 7
50 1
51 4
52 9
53 9
54 7
55 7
56 3
57 3
58 6
59 1
60 9
61 2
62 0
63 5
64 6
65 7
66 7
67 9
68 2
69 3
70 5
71 4
72 6
73 3
74 1
75 7
76 9
77 5
78 9
79 0
80 2
81 0
82 6
83 7
84 0
85 3
86 2
87 9
88 9
89 6
90 4
91 9
92 7
93 4
94 6
95 4
96 3
97 3
98 8
99 3
100 4
101 1
102 2
103 9
104 5
105 9
106 5
107 2
108 3
109 1
110 8
111 6
112 9
113 9
114 9
115 5
116 8
117 5
118 4
119 7
120 2
121 3
122 9
123 4
124 2
125 1
126 8
127 2
128 3
129 7
130 7
131 7
132 8
133 5
134 4
135 4
136 5
137 1
138 7
139 9
140 2
141 7
142 2
143 8
144 6
145 3
146 3
147 1
148 4
149 9
150 9
151 3
152 3
153 7
154 2
155 5
156 7
157 8
158 1
159 1
160 2
161 1
162 6
163 3
164 5
165 9
166 4
167 8
168 7
169 9
170 5
171 0
172 3
173 7
174 4
175 4
176 7
177 8
178 1
179 2
180 6
181 0
182 9
183 9
184 7
185 3
186 8
187 0
188 5
189 9
190 8
191 6
192 7
193 1
194 2
195 3
196 9
197 7
198 1
199 1
200 7
201 3
202 7
203 3
204 2
205 8
206 9
207 2
208 7
209 6
210 6
211 5
212 4
213 0
214 4
215 4
216 0
217 1
218 0
219 3
220 0
221 6
222 6
223 9
224 8
225 3
226 1
227 3
228 8
229 3
230 4
231 6
232 0
233 0
234 0
235 9
236 4
237 1
238 3
239 9
240 3
241 2
242 2
243 3
244 6
245 4
246 4
247 9
248 0
249 6
250 5
251 7
252 8
253 8
254 9
255 9
256 5
257 1
258 2
259 2
260 0
261 5
262 8
263 4
264 3
265 1
266 7
267 2
268 5
269 0
270 7
271 8
272 7
273 3
274 3
275 7
276 7
277 4
278 6
279 3
280 0
281 8
282 7
283 8
284 5
285 3
286 4
287 2
288 4
289 2
290 8
291 5
292 3
293 5
294 1
295 9
296 8
297 8
298 5
299 8
300 7
301 5
302 0
303 0
304 0
305 4
306 2
307 3
308 5
309 8
310 2
311 4
312 6
313 9
314 1
315 8
316 7
317 4
318 0
319 8
320 2
321 0
322 4
323 2
324 8
325 1
326 7
327 0
328 0
329 9
330 0
331 1
332 7
333 1
334 4
335 8
336 2
337 3
338 0
339 5
340 1
341 8
342 2
343 1
344 6
345 2
346 1
347 6
348 1
349 9
350 4
351 1
352 3
353 1
354 9
355 9
356 8
357 5
358 6
359 0
360 6
361 6
362 1
363 2
364 9
365 3
366 8
367 2
368 7
369 4
370 2
371 6
372 4
373 9
374 7
375 0
376 9
377 8
378 4
379 4
380 0
381 8
382 4
383 4
384 7
385 0
386 1
387 0
388 0
389 8
390 0
391 5
392 4
393 5
394 4
395 9
396 6
397 7
398 7
399 9
400 3
401 6
402 7
403 6
404 0
405 8
406 8
407 8
408 1
409 2
410 6
411 4
412 4
413 6
414 4
415 0
416 6
417 8
418 8
419 5
420 1
421 8
422 1
423 5
424 5
425 2
426 7
427 0
428 9
429 3
430 2
431 4
432 0
433 0
434 7
435 5
436 4
437 2
438 5
439 0
440 6
441 4
442 9
443 7
444 1
445 5
446 7
447 0
448 4
449 7
450 0
451 4
452 7
453 5
454 4
455 1
456 9
457 9
458 3
459 2
460 8
461 3
462 1
463 7
464 8
465 3
466 6
467 4
468 5
469 3
470 3
471 2
472 5
473 6
474 2
475 4
476 1
477 5
478 3
479 7
480 8
481 6
482 9
483 3
484 9
485 5
486 7
487 1
488 2
489 5
490 0
491 9
492 7
493 0
494 6
495 6
496 3
497 8
498 7
499 9
500 7
501 9
502 4
503 9
504 2
505 6
506 5
507 4
508 6
509 2
510 3
511 1
512 3
513 7
514 6
515 7
516 4
517 5
518 9
519 1
520 8
521 9
522 0
523 9
524 8
525 1
526 3
527 1
528 1
529 6
530 7
531 5
532 2
533 4
534 3
535 4
536 2
537 2
538 1
539 1
540 1
541 0
542 1
543 3
544 0
545 9
546 1
547 3
548 1
549 2
550 7
551 8
552 3
553 7
554 1
555 6
556 0
557 9
558 5
559 1
560 1
561 5
562 8
563 3
564 4
565 1
566 2
567 3
568 0
569 8
570 4
571 1
572 5
573 0
574 3
575 7
576 1
577 6
578 4
579 9
580 9
581 7
582 0
583 2
584 0
585 2
586 2
587 4
588 6
589 8
590 1
591 2
592 1
593 9
594 6
595 4
596 4
597 0
598 8
599 1
600 2
601 1
602 6
603 6
604 8
605 6
606 5
607 2
608 7
609 4
610 5
611 8
612 0
613 4
614 3
615 0
616 2
617 6
618 2
619 4
620 5
621 7
622 8
623 2
624 5
625 6
626 1
627 0
628 6
629 7
630 1
631 5
632 0
633 1
634 3
635 8
636 5
637 2
638 1
639 8
640 2
641 1
642 6
643 4
644 4
645 9
646 5
647 3
648 2
649 5
650 4
651 3
652 3
653 4
654 9
655 8
656 7
657 3
658 4
659 8
660 7
661 4
662 1
663 3
664 3
665 5
666 2
667 7
668 9
669 5
670 8
671 1
672 5
673 3
674 5
675 1
676 0
677 1
678 6
679 5
680 8
681 3
682 6
683 0
684 5
685 4
686 5
687 5
688 7
689 6
690 3
691 5
692 1
693 3
694 2
695 7
696 6
697 5
698 0
699 1
700 8
701 1
702 0
703 7
704 8
705 1
706 1
707 9
708 4
709 8
710 3
711 6
712 9
713 4
714 5
715 9
716 5
717 7
718 4
719 8
720 5
721 0
722 2
723 3
724 7
725 3
726 9
727 8
728 2
729 3
730 5
731 4
732 5
733 2
734 6
735 2
736 5
737 6
738 3
739 2
740 7
741 7
742 9
743 4
744 7
745 5
746 3
747 9
748 7
749 2
750 6
751 9
752 9
753 0
754 2
755 0
756 1
757 2
758 8
759 9
760 1
761 5
762 1
763 6
764 6
765 4
766 5
767 7
768 9
769 3
770 9
771 4
772 2
773 0
774 1
775 9
776 8
777 9
778 2
779 0
780 2
781 4
782 8
783 8
784 0
785 3
786 3
787 9
788 4
789 0
790 5
791 1
792 6
793 9
794 9
795 6
796 8
797 6
798 5
799 5
800 1
801 4
802 9
803 4
804 4
805 7
806 7
807 3
808 9
809 6
810 5
811 3
812 3
813 8
814 7
815 6
816 9
817 7
818 9
819 7
820 4
821 1
822 2
823 3
824 2
825 3
826 5
827 4
828 0
829 6
830 1
831 7
832 8
833 1
834 9
835 8
836 9
837 6
838 1
839 1
840 2
841 4
842 9
843 4
844 0
845 9
846 5
847 9
848 9
849 0
850 3
851 5
852 3
853 1
854 2
855 8
856 9
857 9
858 7
859 7
860 3
861 3
862 6
863 1
864 1
865 8
866 4
867 9
868 8
869 4
870 7
871 3
872 7
873 7
874 9
875 4
876 6
877 1
878 0
879 8
880 4
881 2
882 8
883 8
884 3
885 3
886 2
887 9
888 3
889 8
890 3
891 3
892 9
893 0
894 3
895 9
896 5
897 0
898 9
899 0
900 0
901 8
902 9
903 1
904 4
905 0
906 8
907 6
908 3
909 5
910 1
911 5
912 2
913 5
914 6
915 2
916 6
917 8
918 0
919 3
920 3
921 8
922 1
923 4
924 1
925 4
926 6
927 6
928 9
929 2
930 7
931 9
932 9
933 1
934 3
935 3
936 1
937 0
938 7
939 4
940 3
941 3
942 4
943 9
944 7
945 0
946 5
947 1
948 4
949 3
950 5
951 4
952 5
953 2
954 0
955 1
956 3
957 4
958 4
959 6
960 4
961 3
962 4
963 2
964 6
965 4
966 7
967 5
968 2
969 0
970 0
971 1
972 6
973 2
974 1
975 3
976 8
977 4
978 6
979 1
980 0
981 7
982 2
983 9
984 9
985 2
986 2
987 6
988 4
989 1
990 9
991 9
992 4
993 3
994 3
995 2
996 7
997 7
998 2
999 9
1000 1
1001 8
1002 9
1003 7
1004 7
1005 7
1006 6
1007 9
1008 0
1009 5
1010 3
1011 8
1012 0
1013 2
1014 5
1015 9
1016 6
1017 8
1018 5




