# A243277 (b-file synthesized from sequence entry)
0 9
1 8
2 9
3 4
4 3
5 1
6 2
7 7
8 3
9 8
10 3
11 1
12 1
13 4
14 6
15 9
16 5
17 1
18 7
19 4
20 1
21 6
22 4
23 8
24 8
25 0
26 9
27 0
28 1
29 8
30 8
31 6
32 6
33 7
34 1
35 4
36 9
37 2
38 4
39 2
40 0
41 1
42 4
43 0
44 6
45 0
46 9
47 1
48 1
49 1
50 1
51 0
52 4
53 8
54 2
55 8
56 4
57 1
58 2
59 2
60 4
61 3
62 2
63 6
64 4
65 4
66 3
67 7
68 2
69 5
70 3
71 1
72 5
73 8
74 4
75 5
76 7
77 8
78 6
79 5
80 4
81 6
82 3
83 4
84 6
85 3
86 2
87 9
88 8
89 3
90 1
91 4
92 0
93 1
94 8
95 9
96 5
97 5
98 7
99 9
