0 3
1 7
2 3
3 9
4 5
5 5
6 8
7 1
8 3
9 6
10 1
11 9
12 2
13 0
14 2
15 2
16 8
17 8
18 0
19 5
20 4
21 7
22 2
23 8
24 0
25 5
26 4
27 3
28 4
29 6
30 4
31 1
32 6
33 4
34 1
35 5
36 1
37 1
38 1
39 6
40 2
41 9
42 2
43 4
44 8
45 6
46 0
47 6
48 1
49 5
50 0
51 0
52 4
53 2
54 0
55 9
56 4
57 7
58 4
59 2
60 8
61 0
62 2
63 4
64 1
65 7
66 3
67 5
68 0
69 1
70 8
71 2
72 0
73 4
74 0
75 0
76 2
77 8
78 0
79 8
80 2
81 3
82 4
83 4
84 3
85 0
86 4
87 3
88 1
89 7
90 0
91 8
92 7
93 2
94 5
95 0
96 5
97 6
98 8
99 9
100 8
101 1
102 6
103 0
104 3
105 9
106 0
107 6
108 6
109 8
110 4
111 7
112 2
113 6
114 3
115 0
116 6
117 8
118 9
119 2
120 1
121 6
122 4
123 0
124 6
125 3
126 8
127 9
128 8
129 8
130 1
131 0
132 2
133 1
134 7
135 2
136 4
137 8
138 8
139 2
140 1
141 4
142 2
143 4
144 0
145 5
146 1
147 1
148 6
149 4
150 8
151 0
152 7
153 4
154 6
155 8
156 8
157 4
158 7
159 4
160 7
161 3
162 2
163 4
164 4
165 6
166 1
167 9
168 0
169 3
170 1
171 6
172 0
173 9
174 8
175 3
176 7
177 5
178 6
179 3
180 0
181 5
182 0
183 6
184 5
185 0
186 8
187 1
188 7
189 5
190 2
191 0
192 7
193 3
194 9
195 7
196 6
197 4
198 5
199 8
200 8
201 7
202 6
203 1
204 6
205 1
206 1
207 3
208 4
209 6
210 1
211 0
212 4
213 8
214 8
215 5
216 5
217 7
218 7
219 1
220 0
221 8
222 9
223 5
224 4
225 2
226 3
227 0
228 0
229 1
230 5
231 6
232 8
233 5
234 9
235 3
236 9
237 3
238 0
239 8
240 6
241 1
242 5
243 1
244 9
245 8
246 2
247 1
248 9
249 2
250 9
251 6
252 4
253 2
254 2
255 7
256 8
257 4
258 1
259 2
260 6
261 5
262 3
263 2
264 1
265 2
266 5
267 2
268 4
269 4
270 4
271 6
272 6
273 3
274 5
275 5
276 2
277 1
278 3
279 6
280 3
281 9
282 1
283 6
284 6
285 5
286 3
287 2
288 1
289 4
290 8
291 5
292 7
293 7
294 7
295 6
296 0
297 8
298 4
299 7
300 7
301 7
302 0
303 5
304 7
305 5
306 6
307 1
308 4
309 1
310 0
311 6
312 5
313 6
314 1
315 7
316 9
317 0
318 7
319 4
320 7
321 6
322 7
323 3
324 0
325 1
326 0
327 1
328 8
329 0
330 1
331 5
332 2
333 3
334 8
335 3
336 4
337 7
338 0
339 0
340 9
341 7
342 9
343 0
344 1
345 2
346 9
347 4
348 1
349 5
350 8
351 5
352 9
353 3
354 4
355 4
356 9
357 7
358 0
359 4
360 5
361 5
362 7
363 5
364 7
365 7
366 5
367 0
368 3
369 8
370 2
371 6
372 1
373 2
374 8
375 4
376 1
377 1
378 8
379 7
380 1
381 6
382 9
383 9
384 4
385 2
386 8
387 1
388 0
389 2
390 8
391 1
392 4
393 2
394 1
395 1
396 5
397 3
398 1
399 4
400 2
401 0
402 3
403 6
404 2
405 6
406 4
407 7
408 0
409 3
410 5
411 5
412 6
413 1
414 3
415 1
416 3
417 3
418 1
419 9
420 4
421 7
422 2
423 9
424 5
425 6
426 3
427 1
428 4
429 6
430 9
431 6
432 0
433 7
434 7
435 3
436 6
437 7
438 1
439 6
440 4
441 0
442 6
443 9
444 5
445 2
446 9
447 2
448 6
449 8
450 5
451 2
452 2
453 1
454 6
455 4
456 1
457 3
458 9
459 8
460 8
461 1
462 3
463 0
464 8
465 9
466 1
467 9
468 8
469 4
470 9
471 6
472 5
473 3
474 9
475 0
476 5
477 3
478 8
479 0
480 2
481 8
482 3
483 5
484 1
485 3
486 9
487 8
488 4
489 1
490 9
491 8
492 5
493 3
494 2
495 1
496 5
497 3
498 7
499 8
500 3
501 6
502 6
503 1
504 0
505 0
506 9
507 9
508 9
509 2
510 9
511 6
512 9
513 3
514 7
515 5
516 7
517 4
518 1
519 2
520 8
521 8
522 6
523 9
524 8
525 8
526 9
527 3
528 8
529 0
530 7
531 0
532 7
533 9
534 2
535 3
536 4
537 4
538 8
539 3
540 0
541 9
542 7
543 3
544 4
545 8
546 6
547 2
548 1
549 0
550 8
551 0
552 8
553 9
554 2
555 1
556 9
557 2
558 1
559 8
560 7
561 8
562 2
563 7
564 0
565 2
566 7
567 6
568 8
569 8
570 9
571 9
572 6
573 7
574 0
575 8
576 9
577 0
578 6
579 9
580 3
581 2
582 6
583 3
584 9
585 8
586 1
587 3
588 7
589 4
590 0
591 0
592 1
593 7
594 6
595 7
596 8
597 8
598 7
599 2
600 5
601 5
602 2
603 0
604 8
605 1
606 6
607 1
608 0
609 8
610 5
611 3
612 5
613 9
614 3
615 2
616 8
617 7
618 3
619 4
620 7
621 8
622 8
623 2
624 4
625 1
626 6
627 4
628 8
629 2
630 3
631 9
632 6
633 2
634 3
635 9
636 5
637 4
638 8
639 4
640 8
641 1
642 1
643 3
644 0
645 3
646 9
647 2
648 2
649 7
650 3
651 9
652 7
653 5
654 9
655 7
656 8
657 6
658 4
659 1
660 1
661 3
662 1
663 8
664 0
665 8
666 0
667 7
668 5
669 2
670 8
671 4
672 3
673 1
674 2
675 6
676 8
677 0
678 2
679 5
680 1
681 9
682 4
683 9
684 2
685 8
686 7
687 7
688 4
689 8
690 9
691 3
692 7
693 8
694 5
695 0
696 4
697 3
698 3
699 2
700 0
701 8
702 1
703 8
704 6
705 9
706 0
707 1
708 3
709 6
710 3
711 0
712 9
713 8
714 6
715 2
716 2
717 2
718 9
719 3
720 2
721 6
722 2
723 3
724 4
725 8
726 3
727 6
728 4
729 9
730 6
731 6
732 5
733 3
734 7
735 9
736 5
737 8
738 4
739 6
740 5
741 7
742 9
743 2
744 3
745 8
746 9
747 2
748 3
749 2
750 8
751 3
752 6
753 6
754 6
755 7
756 3
757 0
758 0
759 1
760 2
761 1
762 2
763 1
764 7
765 2
766 1
767 2
768 6
769 8
770 2
771 4
772 1
773 1
774 9
775 2
776 1
777 5
778 4
779 2
780 7
781 2
782 2
783 5
784 3
785 0
786 8
787 8
788 7
789 8
790 0
791 0
792 8
793 3
794 3
795 5
796 2
797 6
798 7
799 1
800 9
801 5
802 1
803 9
804 8
805 2
806 3
807 3
808 5
809 0
810 5
811 7
812 4
813 0
814 3
815 0
816 1
817 9
818 3
819 0
820 3
821 6
822 3
823 0
824 7
825 6
826 7
827 7
828 7
829 1
830 8
831 3
832 0
833 6
834 0
835 6
836 7
837 4
838 6
839 8
840 6
841 8
842 8
843 6
844 7
845 9
846 9
847 1
848 8
849 7
850 8
851 7
852 3
853 7
854 0
855 5
856 7
857 0
858 8
859 5
860 6
861 3
862 2
863 1
864 4
865 1
866 3
867 5
868 0
869 1
870 8
871 8
872 9
873 9
874 7
875 3
876 4
877 7
878 9
879 9
880 4
881 6
882 1
883 2
884 1
885 1
886 2
887 0
888 8
889 3
890 4
891 5
892 7
893 9
894 5
895 0
896 1
897 1
898 7
899 2
900 9
901 6
902 5
903 7
904 8
905 5
906 4
907 6
908 0
909 5
910 8
911 7
912 3
913 7
914 1
915 7
916 0
917 7
918 6
919 5
920 7
921 2
922 4
923 9
924 9
925 6
926 4
927 5
928 4
929 7
930 3
931 5
932 3
933 6
934 7
935 9
936 8
937 8
938 4
939 4
940 6
941 8
942 1
943 4
944 1
945 8
946 8
947 6
948 1
949 0
950 4
951 5
952 4
953 2
954 0
955 8
956 7
957 8
958 4
959 6
960 8
961 3
962 5
963 9
964 9
965 4
966 6
967 7
968 0
969 5
970 4
971 8
972 0
973 2
974 8
975 0
976 5
977 5
978 6
979 7
980 1
981 2
982 2
983 9
984 8
985 0
986 0
987 1
988 0
989 6
990 1
991 2
992 1
993 8
994 2
995 3
996 9
997 7
998 1
999 9
1000 2




