1 4
2 6
3 6
4 9
5 2
6 0
7 1
8 6
9 0
10 9
11 1
12 0
13 2
14 9
15 9
16 0
17 6
18 7
19 1
20 8
21 5
22 3
23 2
24 0
25 3
26 8
27 2
28 0
29 4
30 6
31 6
32 2
33 0
34 1
35 6
36 1
37 7
38 2
39 5
40 8
41 1
42 8
43 5
44 5
45 7
46 7
47 4
48 7
49 5
50 7
51 6
52 8
53 6
54 3
55 2
56 7
57 4
58 5
59 6
60 5
61 1
62 3
63 4
64 3
65 0
66 0
67 4
68 1
69 3
70 4
71 3
72 3
73 0
74 2
75 1
76 1
77 3
78 1
79 4
80 7
81 3
82 7
83 1
84 3
85 8
86 6
87 8
88 9
89 7
90 4
91 4
92 0
93 2
94 3
95 9
96 4
97 8
98 0
99 1
100 3
101 8
102 1
103 7
104 1
105 6
106 5
107 9
108 8
109 4
110 8
111 5
112 5
113 1
114 8
115 9
116 8
117 1
118 5
119 1
120 3
121 4
122 4
123 0
124 8
125 6
126 2
127 7
128 1
129 4
130 2
131 0
132 2
133 7
134 9
135 3
136 2
137 5
138 2
139 2
140 3
141 1
142 2
143 4
144 4
145 2
146 9
147 8
148 8
149 8
150 9
151 0
152 8
153 9
154 0
155 8
156 5
157 9
158 9
159 4
160 4
161 9
162 3
163 5
164 4
165 6
166 3
167 2
168 3
169 6
170 7
171 1
172 3
173 4
174 1
175 1
176 5
177 3
178 2
179 4
180 8
181 1
182 7
183 1
184 4
185 2
186 1
187 9
188 9
189 4
190 7
191 4
192 5
193 5
194 6
195 4
196 4
197 3
198 6
199 5
200 8
201 2
202 3
203 7
204 9
205 3
206 2
207 0
208 2
209 0
210 0
211 9
212 5
213 6
214 1
215 0
216 5
217 8
218 3
219 3
220 0
221 5
222 7
223 5
224 4
225 5
226 8
227 6
228 1
229 7
230 6
231 5
232 2
233 2
234 2
235 2
236 0
237 7
238 0
239 3
240 8
241 5
242 4
243 1
244 0
245 6
246 4
247 6
248 7
249 4
250 9
251 4
252 9
253 4
254 2
255 8
256 4
257 9
258 8
259 1
260 4
261 5
262 3
263 3
264 9
265 1
266 7
267 2
268 6
269 2
270 0
271 0
272 5
273 6
274 8
275 7
276 5
277 5
278 6
279 6
280 5
281 9
282 5
283 2
284 3
285 3
286 9
287 8
288 7
289 5
290 6
291 0
292 3
293 8
294 2
295 5
296 6
297 3
298 7
299 2
300 2
301 5
302 6
303 4
304 8
305 0
306 0
307 4
308 0
309 9
310 5
311 1
312 0
313 7
314 1
315 2
316 8
317 3
318 8
319 9
320 0
321 6
322 1
323 1
324 8
325 4
326 4
327 7
328 0
329 2
330 7
331 7
332 5
333 8
334 5
335 4
336 2
337 8
338 5
339 4
340 1
341 9
342 8
343 0
344 1
345 1
346 1
347 3
348 4
349 4
350 0
351 1
352 7
353 5
354 0
355 0
356 2
357 4
358 2
359 8
360 5
361 8
362 5
363 3
364 8
365 2
366 4
367 9
368 8
369 3
370 3
371 5
372 7
373 1
374 5
375 5
376 2
377 2
378 0
379 5
380 2
381 2
382 3
383 6
384 0
385 8
386 7
387 2
388 5
389 0
390 2
391 9
392 1
393 6
394 7
395 8
396 8
397 6
398 0
399 3
400 6
401 2
402 6
403 7
404 4
405 5
406 2
407 7
408 2
409 1
410 3
411 3
412 9
413 9
414 0
415 5
416 7
417 1
418 3
419 1
420 6
421 0
422 6
423 8
424 7
425 5
426 3
427 4
428 5
429 0
430 8
431 3
432 4
433 3
434 3
435 9
436 3
437 4
438 4
439 4
440 6
441 1
442 0
443 3
444 7
445 0
446 6
447 3
448 0
449 9
450 4
451 5
452 2
453 0
454 1
455 9
456 1
457 1
458 5
459 8
460 7
461 6
462 9
463 7
464 2
465 4
466 3
467 2
468 2
469 7
470 3
471 5
472 8
473 9
474 8
475 3
476 8
477 9
478 0
479 3
480 7
481 9
482 4
483 9
484 4
485 6
486 2
487 5
488 7
489 2
490 5
491 1
492 2
493 8
494 9
495 0
496 9
497 7
498 9
499 4
500 8
501 9
502 8
503 6
504 7
505 6
506 8
507 3
508 3
509 4
510 6
511 1
512 1
513 6
514 2
515 6
516 8
517 8
518 9
519 1
520 1
521 6
522 5
523 6
524 3
525 1
526 2
527 3
528 4
529 7
530 4
531 4
532 6
533 0
534 5
535 7
536 5
537 1
538 7
539 9
540 5
541 3
542 9
543 1
544 2
545 2
546 0
547 4
548 5
549 5
550 6
551 2
552 4
553 7
554 2
555 8
556 0
557 7
558 0
559 9
560 5
561 2
562 0
563 2
564 1
565 9
566 8
567 1
568 9
569 9
570 0
571 9
572 4
573 5
574 5
575 8
576 5
577 8
578 1
579 9
580 4
581 6
582 1
583 3
584 6
585 8
586 7
587 7
588 4
589 4
590 5
591 6
592 1
593 7
594 3
595 9
596 6
597 0
598 7
599 4
600 1
601 1
602 5
603 6
604 1
605 4
606 0
607 7
608 4
609 2
610 4
611 3
612 7
613 5
614 4
615 4
616 3
617 5
618 4
619 9
620 9
621 2
622 0
623 4
624 8
625 6
626 9
627 1
628 8
629 0
630 9
631 8
632 2
633 6
634 4
635 8
636 6
637 5
638 2
639 3
640 6
641 8
642 4
643 3
644 8
645 7
646 0
647 2
648 7
649 9
650 9
651 6
652 4
653 9
654 0
655 1
656 7
657 3
658 9
659 7
660 7
661 9
662 3
663 4
664 2
665 5
666 1
667 3
668 4
669 7
670 2
671 3
672 8
673 0
674 8
675 7
676 3
677 7
678 1
679 3
680 6
681 2
682 1
683 1
684 6
685 0
686 1
687 8
688 6
689 0
690 1
691 2
692 8
693 1
694 8
695 6
696 1
697 0
698 2
699 0
700 5
701 6
702 3
703 8
704 1
705 8
706 1
707 8
708 3
709 5
710 4
711 0
712 9
713 7
714 5
715 9
716 8
717 4
718 7
719 7
720 9
721 6
722 4
723 1
724 7
725 3
726 9
727 0
728 0
729 3
730 2
731 8
732 9
733 3
734 6
735 1
736 7
737 1
738 4
739 3
740 2
741 1
742 5
743 9
744 8
745 7
746 8
747 2
748 4
749 0
750 7
751 8
752 9
753 7
754 7
755 6
756 6
757 1
758 4
759 3
760 9
761 1
762 3
763 9
764 5
765 7
766 6
767 4
768 0
769 3
770 7
771 7
772 6
773 0
774 5
775 3
776 7
777 1
778 1
779 9
780 0
781 9
782 6
783 9
784 3
785 2
786 0
787 6
788 6
789 9
790 9
791 8
792 3
793 6
794 1
795 9
796 8
797 4
798 2
799 8
800 8
801 9
802 8
803 1
804 8
805 3
806 7
807 0
808 0
809 3
810 2
811 2
812 9
813 4
814 1
815 2
816 0
817 3
818 0
819 2
820 1
821 0
822 6
823 5
824 5
825 7
826 4
827 3
828 2
829 9
830 5
831 5
832 5
833 0
834 3
835 8
836 8
837 8
838 4
839 5
840 8
841 4
842 9
843 7
844 3
845 7
846 0
847 3
848 4
849 7
850 2
851 7
852 5
853 3
854 2
855 1
856 2
857 1
858 9
859 2
860 5
861 7
862 0
863 6
864 9
865 5
866 8
867 4
868 1
869 4
870 0
871 7
872 4
873 6
874 6
875 1
876 8
877 4
878 1
879 9
880 8
881 1
882 9
883 6
884 1
885 0
886 0
887 6
888 1
889 2
890 9
891 6
892 4
893 0
894 1
895 6
896 1
897 4
898 8
899 7
900 7
901 1
902 2
903 9
904 4
905 4
906 4
907 1
908 5
909 9
910 0
911 1
912 4
913 0
914 5
915 4
916 6
917 7
918 9
919 4
920 1
921 8
922 0
923 0
924 1
925 9
926 8
927 1
928 3
929 3
930 2
931 5
932 3
933 3
934 7
935 8
936 5
937 9
938 2
939 4
940 9
941 3
942 3
943 6
944 5
945 8
946 8
947 3
948 0
949 7
950 0
951 4
952 5
953 9
954 9
955 9
956 9
957 9
958 3
959 8
960 3
961 7
962 5
963 4
964 1
965 1
966 7
967 2
968 6
969 5
970 6
971 3
972 5
973 5
974 3
975 0
976 1
977 6
978 8
979 6
980 2
981 5
982 2
983 9
984 0
985 3
986 2
987 2
988 1
989 0
990 8
991 6
992 2
993 3
994 2
995 0
996 5
997 5
998 0
999 6
1000 3
1001 4
1002 5
1003 1
1004 0
1005 6
1006 7
1007 9
1008 3
1009 9
1010 9
1011 0
1012 2
1013 3
1014 3
1015 4
1016 1
1017 6
1018 7
1019 5




