0 6
1 6
2 0
3 1
4 6
5 1
6 8
7 1
8 5
9 8
10 4
11 6
12 8
13 6
14 9
15 5
16 7
17 3
18 9
19 2
20 7
21 8
22 1
23 2
24 1
25 1
26 0
27 0
28 1
29 4
30 5
31 5
32 5
33 7
34 7
35 8
36 4
37 3
38 2
39 6
40 2
41 3
42 3
43 6
44 0
45 2
46 8
47 4
48 7
49 3
50 3
51 4
52 1
53 3
54 3
55 1
56 9
57 4
58 4
59 8
60 4
61 2
62 3
63 3
64 3
65 5
66 4
67 0
68 5
69 6
70 4
71 2
72 3
73 0
74 4
75 4
76 9
77 5
78 2
79 7
80 7
81 1
82 4
83 3
84 7
85 6
86 0
87 0
88 3
89 1
90 4
91 1
92 3
93 8
94 3
95 9
96 8
97 6
98 7
99 9
100 1
101 1
102 7
103 7
104 9
105 0
106 0
107 5
108 2
109 2
110 6
111 6
112 9
113 3
114 3
115 0
116 4
117 0
118 0
119 2
120 9
121 6
122 5
123 8
124 4
125 7
126 7
127 5
128 5
129 1
130 2
131 3
132 3
133 6
134 6
135 2
136 2
137 7
138 7
139 4
140 7
141 1
142 6
143 5
144 7
145 1
146 3
147 2
148 1
149 3
150 9
151 8
152 6
153 9
154 6
155 8
156 7
157 4
158 1
159 0
160 9
161 7
162 6
163 2
164 0
165 6
166 3
167 0
168 2
169 1
170 4
171 1
172 5
173 3
174 7
175 3
176 5
177 4
178 3
179 4
180 8
181 5
182 3
183 1
184 3
185 1
186 5
187 9
188 6
189 0
190 9
191 7
192 8
193 0
194 3
195 6
196 6
197 9
198 9
199 3
200 2
201 1
202 3
203 5
204 2
205 5
206 5
207 2
208 9
209 9
210 7
211 6
212 7
213 1
214 9
215 9
216 3
217 0
218 2
219 4
220 7
221 4
222 5
223 9
224 0
225 5
226 9
227 3
228 1
229 0
230 1
231 0
232 8
233 2
234 9
235 7
236 8
237 2
238 9
239 1
240 5
241 5
242 3
243 8
244 3
245 4
246 4
247 6
248 9
249 2
250 9
251 7
252 5
253 0
254 5
255 2
256 0
257 5
258 9
259 1
260 6
261 6
262 5
263 7
264 1
265 3
266 3
267 6
268 5
269 3
270 6
271 1
272 1
273 9
274 9
275 1
276 5
277 3
278 2
279 4
280 6
281 4
282 2
283 8
284 1
285 3
286 0
287 1
288 1
289 7
290 2
291 4
292 6
293 2
294 3
295 0
296 6
297 3
298 7
299 9
300 3
301 4
302 1
303 0
304 6
305 0
306 0
307 5
308 6
309 4
310 6
311 6
312 6
313 7
314 6
315 5
316 8
317 4
318 4
319 3
320 4
321 0
322 6
323 3
324 5
325 0
326 1
327 6
328 4
329 9
330 3
331 2
332 2
333 7
334 2
335 3
336 5
337 2
338 8
339 9
340 6
341 8
342 0
343 1
344 0
345 9
346 3
347 4
348 9
349 6
350 6
351 4
352 7
353 5
354 6
355 0
356 0
357 4
358 7
359 8
360 8
361 1
362 2
363 3
364 5
365 7
366 9
367 6
368 2
369 7
370 8
371 9
372 4
373 5
374 9
375 8
376 4
377 2
378 4
379 3
380 3
381 6
382 5
383 5
384 7
385 4
386 9
387 3
388 7
389 5
390 5
391 8
392 1
393 8
394 5
395 4
396 8
397 1
398 4
399 1
400 7
401 3
402 6
403 2
404 8
405 6
406 7
407 8
408 0
409 9
410 8
411 7
412 0
413 5
414 9
415 6
416 9
417 4
418 9
419 8
420 7
421 0
422 3
423 8
424 4
425 1
426 2
427 4
428 3
429 3
430 6
431 3
432 3
433 8
434 6
435 5
436 8
437 9
438 3
439 1
440 1
441 9
442 6
443 9
444 0
445 7
446 9
447 1
448 5
449 0
450 0
451 4
452 0
453 5
454 7
455 3
456 7
457 1
458 7
459 8
460 1
461 4
462 3
463 7
464 1
465 0
466 8
467 1
468 8
469 1
470 0
471 6
472 1
473 5
474 4
475 0
476 1
477 2
478 3
479 3
480 1
481 0
482 4
483 8
484 1
485 0
486 5
487 7
488 7
489 7
490 9
491 4
492 4
493 1
494 5
495 6
496 1
497 3
498 1
499 2
500 5
501 4
502 4
503 4
504 5
505 9
506 8
507 8
508 6
509 0
510 9
511 8
512 8
513 9
514 9
515 7
516 5
517 8
518 5
519 3
520 2
521 8
522 9
523 8
524 4
525 0
526 3
527 8
528 1
529 0
530 8
531 7
532 1
533 8
534 0
535 3
536 5
537 5
538 2
539 5
540 2
541 6
542 1
543 7
544 1
545 9
546 8
547 8
548 7
549 1
550 1
551 2
552 1
553 3
554 6
555 3
556 8
557 2
558 8
559 0
560 8
561 7
562 8
563 2
564 3
565 4
566 9
567 7
568 2
569 2
570 3
571 7
572 4
573 2
574 2
575 4
576 0
577 9
578 7
579 1
580 4
581 2
582 6
583 9
584 7
585 4
586 4
587 1
588 7
589 6
590 4
591 4
592 5
593 5
594 2
595 2
596 5
597 2
598 6
599 5
600 5
601 4
602 8
603 9
604 9
605 4
606 8
607 2
608 9
609 7
610 7
611 1
612 7
613 9
614 0
615 9
616 7
617 7
618 7
619 8
620 4
621 0
622 4
623 3
624 7
625 5
626 7
627 8
628 9
629 1
630 9
631 5
632 6
633 5
634 9
635 0
636 6
637 4
638 9
639 9
640 9
641 4
642 5
643 6
644 7
645 0
646 6
647 2
648 9
649 0
650 7
651 8
652 2
653 8
654 6
655 0
656 8
657 8
658 2
659 8
660 3
661 9
662 5
663 9
664 9
665 0
666 3
667 9
668 4
669 2
670 8
671 7
672 0
673 8
674 2
675 5
676 2
677 9
678 0
679 7
680 0
681 5
682 2
683 1
684 5
685 5
686 4
687 5
688 9
689 5
690 6
691 7
692 1
693 7
694 2
695 3
696 5
697 9
698 9
699 4
700 4
701 9
702 7
703 6
704 9
705 0
706 3
707 7
708 8
709 0
710 0
711 6
712 7
713 5
714 9
715 7
716 8
717 7
718 6
719 1
720 6
721 9
722 0
723 8
724 0
725 2
726 4
727 2
728 6
729 6
730 0
731 0
732 2
733 9
734 5
735 7
736 1
737 1
738 0
739 9
740 2
741 0
742 9
743 9
744 6
745 3
746 3
747 7
748 0
749 8
750 2
751 7
752 2
753 5
754 5
755 9
756 2
757 8
758 4
759 6
760 7
761 2
762 1
763 2
764 9
765 8
766 5
767 8
768 0
769 0
770 1
771 1
772 4
773 8
774 6
775 9
776 7
777 9
778 4
779 1
780 8
781 5
782 5
783 4
784 0
785 1
786 8
787 2
788 4
789 6
790 3
791 9
792 8
793 8
794 7
795 4
796 9
797 3
798 9
799 4
800 1
801 7
802 1
803 1
804 8
805 2
806 8
807 5
808 2
809 8
810 3
811 8
812 2
813 3
814 6
815 5
816 9
817 9
818 7
819 0
820 5
821 0
822 3
823 2
824 8
825 7
826 2
827 5
828 7
829 0
830 8
831 0
832 8
833 7
834 9
835 8
836 0
837 6
838 6
839 2
840 2
841 0
842 1
843 0
844 6
845 8
846 6
847 3
848 0
849 4
850 7
851 4
852 3
853 0
854 5
855 2
856 0
857 1
858 9
859 9
860 2
861 3
862 9
863 4
864 2
865 8
866 2
867 0
868 1
869 4
870 3
871 1
872 1
873 1
874 0
875 2
876 2
877 9
878 7
879 2
880 6
881 5
882 1
883 4
884 1
885 5
886 1
887 4
888 1
889 9
890 4
891 2
892 5
893 8
894 4
895 2
896 2
897 2
898 4
899 2
900 3
901 7
902 5
903 3
904 4
905 2
906 2
907 9
908 6
909 8
910 7
911 9
912 8
913 3
914 6
915 7
916 3
917 8
918 7
919 9
920 6
921 2
922 2
923 4
924 2
925 8
926 6
927 6
928 0
929 0
930 2
931 8
932 5
933 3
934 5
935 8
936 0
937 9
938 8
939 4
940 8
941 2
942 8
943 3
944 3
945 6
946 7
947 9
948 1
949 5
950 2
951 2
952 3
953 5
954 7
955 0
956 0
957 1
958 9
959 2
960 5
961 8
962 5
963 8
964 7
965 5
966 2
967 8
968 5
969 9
970 6
971 1
972 2
973 0
974 5
975 9
976 9
977 4
978 7
979 2
980 8
981 6
982 2
983 1
984 0
985 0
986 7
987 1
988 7
989 1
990 1
991 3
992 1
993 6
994 0
995 7
996 9
997 8
998 0
999 5
1000 7
1001 2




