# A085849 (b-file synthesized from sequence entry)
0 3
1 5
2 3
3 2
4 3
5 6
6 3
7 7
8 1
9 8
10 5
11 4
12 9
13 9
14 5
15 9
16 8
17 4
18 5
19 4
20 3
21 5
22 1
23 6
24 5
25 5
26 0
27 4
28 3
29 2
30 6
31 8
32 2
33 0
34 1
35 1
36 2
37 8
38 0
39 1
40 6
41 4
42 7
43 7
44 8
45 5
46 6
47 6
48 6
49 9
50 0
51 4
52 4
53 6
54 4
55 1
56 6
57 0
58 8
59 5
60 9
61 4
62 2
63 8
64 1
65 4
66 2
67 3
68 8
69 3
70 2
71 5
72 0
73 0
74 2
75 6
76 6
77 9
78 0
79 0
80 3
81 4
82 8
83 3
84 6
85 7
86 2
87 0
88 7
89 8
90 3
91 3
92 4
93 3
94 3
95 5
96 4
97 9
98 8
99 9
100 6
101 7
