# A175639 (b-file synthesized from sequence entry)
0 6
1 7
2 8
3 2
4 3
5 4
6 4
7 9
8 1
9 9
10 1
11 7
12 3
13 9
14 1
15 9
16 7
17 8
18 0
19 3
20 5
21 5
22 3
23 8
24 2
25 7
26 9
27 4
28 8
29 2
30 8
31 9
32 4
33 8
34 1
35 4
36 0
37 9
38 6
39 3
40 3
41 2
42 2
43 3
44 9
45 1
46 8
47 9
48 4
49 4
50 0
51 1
52 0
53 3
54 0
55 3
56 6
57 4
58 6
59 0
60 4
61 1
62 5
63 9
64 6
65 4
66 9
67 8
68 3
69 3
70 7
71 0
72 7
73 4
74 0
75 1
76 2
77 3
78 2
79 3
80 3
81 2
82 1
83 3
84 7
85 6
86 2
87 1
88 2
89 2
90 9
91 3
92 3
93 4
94 8
95 4
96 6
97 1
98 6
99 8
100 8
101 8
102 3
103 2
104 8
